Score: 79.700000 0.000000 15.397940
10000.000000 10000.000000 10000.000000
10000.000000 10000.000000 10000.000000
10000.000000 10000.000000 10000.000000
10000.000000 10000.000000 10000.000000
10000.000000 10000.000000 10000.000000
10000.000000 10000.000000 10000.000000
10000.000000 10000.000000 10000.000000
10000.000000 10000.000000 10000.000000
10000.000000 10000.000000 10000.000000
10000.000000 10000.000000 10000.000000
9.038000 6.956000 27.157000
12.036000 7.099000 24.816000
11.707000 5.292000 21.469000
14.951000 3.952000 19.939000
13.855000 2.327000 16.686000
11.293000 0.299000 14.779000
11.759000 -3.380000 15.637000
9.419000 -4.867000 13.059000
6.098000 -4.418000 11.323000
3.247000 -6.521000 9.993000
2.390000 -6.875000 6.297000
-1.041000 -8.292000 5.368000
-0.713000 -10.345000 2.196000
-2.920000 -12.411000 -0.075000
-0.408000 -15.278000 -0.315000
2.548000 -15.782000 2.028000
4.478000 -18.088000 -0.341000
4.406000 -15.569000 -3.189000
5.487000 -12.838000 -0.785000
8.338000 -14.919000 0.684000
9.727000 -15.706000 -2.774000
9.694000 -12.060000 -3.797000
11.499000 -10.825000 -0.686000
14.030000 -13.670000 -0.492000
14.851000 -13.671000 -4.195000
14.697000 -9.934000 -4.883000
15.720000 -8.210000 -1.624000
17.652000 -11.121000 -0.121000
15.566000 -11.314000 3.066000
15.417000 -14.608000 5.007000
12.127000 -16.294000 5.782000
11.564000 -18.015000 9.124000
8.765000 -19.695000 11.041000
8.157000 -18.883000 14.707000
5.429000 -19.793000 17.216000
4.808000 -22.976000 15.241000
3.009000 -21.469000 12.228000
3.886000 -17.772000 11.934000
5.931000 -16.421000 9.053000
8.405000 -13.540000 9.069000
11.174000 -12.146000 6.881000
14.480000 -11.309000 8.568000
16.919000 -8.614000 7.432000
19.629000 -6.765000 9.323000
18.482000 -6.505000 12.937000
14.816000 -6.121000 12.049000
12.033000 -8.173000 10.576000
8.650000 -8.144000 8.936000
5.895000 -10.452000 10.125000
3.530000 -11.758000 7.494000
-3.452000 -12.980000 14.136000
-4.585000 -10.488000 16.753000
-4.277000 -7.802000 17.785000
-4.006000 -6.320000 14.272000
-4.491000 -2.972000 12.511000
-8.026000 -1.605000 12.281000
-8.084000 -1.960000 8.492000
-5.650000 -4.740000 7.427000
4.979000 2.031000 1.528000
8.421000 1.179000 2.931000
11.920000 2.584000 2.404000
14.911000 0.319000 3.018000
18.548000 1.374000 3.214000
21.025000 -0.732000 1.230000
24.321000 -2.310000 -8.782000
20.869000 -2.589000 -7.196000
19.085000 -1.284000 -10.297000
20.758000 -3.982000 -12.411000
19.925000 -6.746000 -9.944000
16.288000 -5.570000 -9.958000
14.324000 4.963000 -11.679000
17.131000 6.216000 -9.413000
15.864000 9.531000 -8.060000
16.927000 11.860000 -5.230000
10000.000000 10000.000000 10000.000000
10000.000000 10000.000000 10000.000000
14.651000 11.751000 -2.178000
14.675000 12.877000 1.442000
15.836000 10.297000 3.978000
15.468000 10.330000 7.741000
19.032000 11.692000 8.110000
16.266000 5.709000 -4.380000
14.670000 3.149000 -6.622000
11.014000 2.111000 -6.450000
9.524000 -1.318000 -7.099000
6.339000 -3.128000 -6.075000
5.887000 -6.449000 -4.300000
3.243000 -9.062000 -5.270000
0.461000 -7.317000 -3.301000
1.167000 -3.844000 -4.640000
3.015000 -2.425000 -1.644000
5.535000 0.195000 -2.712000
9.130000 -0.716000 -1.920000
11.750000 2.025000 -1.942000
15.355000 0.764000 -1.890000
10000.000000 10000.000000 10000.000000
10000.000000 10000.000000 10000.000000
10000.000000 10000.000000 10000.000000
10000.000000 10000.000000 10000.000000
10000.000000 10000.000000 10000.000000
10000.000000 10000.000000 10000.000000
