Score: 152.950000 0.000000 25.259637
10000.000000 10000.000000 10000.000000
10000.000000 10000.000000 10000.000000
10000.000000 10000.000000 10000.000000
10000.000000 10000.000000 10000.000000
10000.000000 10000.000000 10000.000000
10000.000000 10000.000000 10000.000000
10000.000000 10000.000000 10000.000000
10000.000000 10000.000000 10000.000000
-24.234000 45.495000 4.010000
-21.631000 45.550000 1.232000
-18.126000 44.194000 1.817000
-15.968000 47.321000 2.271000
-13.103000 45.878000 4.309000
-10.224000 44.628000 2.120000
-7.621000 43.430000 4.605000
-5.193000 44.658000 7.268000
-3.179000 47.524000 5.863000
-0.855000 47.714000 8.863000
-0.549000 47.272000 12.609000
3.625000 51.265000 20.530000
7.082000 52.084000 21.906000
8.585000 54.754000 24.084000
10.012000 58.121000 23.004000
13.565000 57.584000 21.659000
12.827000 54.021000 20.490000
14.043000 54.379000 16.873000
17.541000 52.923000 17.240000
16.338000 49.851000 19.194000
13.336000 49.387000 16.889000
15.586000 49.387000 13.771000
18.006000 47.014000 15.493000
15.205000 44.524000 16.173000
12.547000 44.892000 13.451000
15.073000 45.705000 10.770000
18.319000 43.945000 11.578000
17.271000 41.038000 13.784000
14.061000 39.924000 12.208000
15.073000 41.273000 8.806000
12.183000 43.573000 7.803000
12.817000 46.421000 5.327000
12.573000 49.957000 6.793000
10.148000 52.218000 4.848000
10.400000 56.058000 5.041000
7.482000 57.736000 6.819000
5.421000 60.463000 5.100000
6.048000 62.226000 15.471000
9.054000 59.875000 15.726000
8.956000 56.098000 15.299000
9.575000 53.945000 12.236000
7.820000 51.839000 9.608000
8.852000 48.424000 8.307000
7.563000 46.461000 5.309000
6.161000 42.884000 5.641000
4.823000 41.568000 2.350000
1.802000 43.626000 1.313000
1.547000 44.903000 4.839000
3.501000 47.249000 7.160000
4.272000 47.491000 10.851000
4.314000 51.043000 12.197000
6.284000 51.588000 15.439000
4.603000 54.614000 17.003000
6.077000 56.608000 19.874000
4.022000 56.841000 23.081000
4.916000 58.901000 26.061000
1.268000 44.788000 24.764000
2.362000 41.481000 26.356000
-0.756000 39.538000 25.409000
-2.785000 40.829000 22.396000
-0.434000 41.057000 19.406000
0.084000 40.895000 15.598000
0.953000 37.515000 13.990000
3.310000 37.353000 10.982000
3.341000 34.569000 8.420000
6.867000 33.121000 7.932000
8.327000 30.870000 5.151000
10.617000 28.124000 6.531000
9.793000 29.052000 10.138000
12.116000 26.317000 11.440000
15.140000 28.056000 9.920000
13.871000 31.559000 10.820000
13.571000 30.513000 14.473000
17.143000 29.137000 14.636000
18.406000 32.401000 13.071000
16.744000 34.315000 15.924000
18.159000 31.962000 18.561000
21.639000 32.375000 16.911000
-2.819000 24.816000 17.322000
-1.538000 21.549000 15.689000
-2.042000 22.604000 12.020000
0.396000 25.512000 12.593000
3.935000 25.933000 13.847000
4.347000 29.105000 15.798000
6.198000 30.939000 18.515000
6.329000 34.300000 20.304000
9.116000 36.725000 20.938000
9.159000 40.073000 22.749000
10.546000 43.126000 20.927000
13.014000 45.387000 22.823000
10.057000 47.270000 24.475000
8.298000 44.190000 25.745000
5.573000 43.899000 23.009000
4.649000 40.296000 22.069000
4.999000 39.385000 18.363000
3.961000 35.977000 16.976000
5.486000 34.122000 14.022000
3.595000 31.259000 12.358000
3.560000 28.919000 9.337000
1.143000 26.219000 8.244000
2.446000 22.684000 8.541000
10000.000000 10000.000000 10000.000000
10000.000000 10000.000000 10000.000000
