Score: 88.900000 0.000000 18.301030
10000.000000 10000.000000 10000.000000
10000.000000 10000.000000 10000.000000
10000.000000 10000.000000 10000.000000
10000.000000 10000.000000 10000.000000
10000.000000 10000.000000 10000.000000
10000.000000 10000.000000 10000.000000
10000.000000 10000.000000 10000.000000
10000.000000 10000.000000 10000.000000
10000.000000 10000.000000 10000.000000
10000.000000 10000.000000 10000.000000
31.175000 33.730000 64.566000
29.460000 31.360000 62.143000
26.109000 30.924000 60.363000
24.547000 27.509000 59.689000
21.888000 28.311000 57.110000
19.022000 30.560000 56.025000
15.814000 29.930000 57.920000
13.515000 32.256000 56.015000
13.252000 35.491000 54.075000
10.475000 38.016000 53.594000
9.121000 38.742000 50.119000
7.176000 41.946000 49.600000
4.441000 41.335000 46.997000
1.684000 43.249000 45.226000
-1.000000 40.732000 46.115000
-0.693000 37.896000 48.609000
-3.498000 35.731000 47.150000
-2.025000 35.918000 43.615000
1.397000 35.073000 45.025000
0.097000 32.170000 47.135000
-1.725000 30.567000 44.216000
1.437000 30.852000 42.116000
3.911000 29.311000 44.575000
1.496000 26.548000 45.600000
0.689000 25.495000 42.029000
3.957000 26.263000 40.243000
6.519000 25.354000 42.940000
4.427000 22.933000 45.002000
4.810000 24.976000 48.170000
2.371000 24.955000 51.095000
0.847000 28.241000 52.253000
0.385000 28.356000 56.027000
-0.964000 30.916000 58.480000
0.971000 31.900000 61.572000
1.177000 34.640000 64.182000
-1.482000 37.335000 63.816000
-2.862000 36.860000 60.311000
0.593000 36.330000 58.792000
1.103000 34.086000 55.757000
4.097000 31.936000 54.735000
5.161000 29.545000 52.017000
6.771000 26.349000 53.332000
9.339000 24.113000 51.625000
11.858000 21.665000 53.073000
13.104000 23.168000 56.351000
12.744000 26.786000 55.234000
9.976000 29.249000 54.437000
9.219000 32.497000 52.694000
7.217000 35.049000 54.692000
4.908000 37.253000 52.612000
4.809000 46.020000 59.421000
7.889000 46.638000 61.564000
10.690000 46.077000 61.351000
11.302000 45.309000 57.663000
13.740000 45.905000 54.801000
14.779000 49.564000 54.523000
13.552000 49.685000 50.926000
10.883000 47.029000 50.450000
10.282000 46.477000 46.736000
8.048000 44.098000 44.795000
9.905000 42.071000 42.189000
15.725000 26.611000 44.414000
17.000000 23.036000 44.245000
14.636000 20.220000 43.293000
15.211000 16.485000 43.705000
12.845000 15.790000 40.798000
14.169000 15.243000 37.262000
9.690000 16.937000 34.648000
9.910000 20.105000 36.732000
10.176000 22.240000 33.587000
7.188000 20.494000 31.996000
5.231000 21.076000 35.177000
5.999000 24.817000 35.226000
5.282000 25.226000 31.537000
1.988000 23.375000 32.026000
0.908000 25.898000 34.668000
24.996000 27.300000 35.926000
26.821000 27.527000 39.271000
25.314000 26.572000 42.632000
26.685000 26.941000 46.171000
21.528000 22.631000 35.660000
18.768000 25.285000 35.706000
15.759000 26.821000 34.124000
14.382000 30.309000 34.760000
11.006000 32.035000 34.970000
9.405000 34.970000 36.761000
6.800000 35.035000 39.508000
3.740000 37.329000 39.364000
5.721000 40.345000 40.650000
8.769000 39.829000 38.476000
11.005000 38.101000 40.990000
13.483000 35.931000 39.115000
13.129000 32.225000 39.905000
15.789000 29.653000 39.033000
14.891000 25.985000 39.563000
10000.000000 10000.000000 10000.000000
10000.000000 10000.000000 10000.000000
10000.000000 10000.000000 10000.000000
10000.000000 10000.000000 10000.000000
10000.000000 10000.000000 10000.000000
10000.000000 10000.000000 10000.000000
