Score: 131.000000 0.000000 20.920819
10000.000000 10000.000000 10000.000000
10000.000000 10000.000000 10000.000000
10000.000000 10000.000000 10000.000000
10000.000000 10000.000000 10000.000000
10000.000000 10000.000000 10000.000000
10000.000000 10000.000000 10000.000000
10000.000000 10000.000000 10000.000000
10000.000000 10000.000000 10000.000000
10000.000000 10000.000000 10000.000000
10000.000000 10000.000000 10000.000000
10000.000000 10000.000000 10000.000000
0.737000 12.284000 -26.632000
-2.036000 10.001000 -25.442000
-4.193000 12.724000 -23.916000
-7.161000 10.848000 -22.487000
-9.204000 7.705000 -22.950000
-11.625000 8.068000 -25.843000
-13.637000 4.909000 -25.178000
-13.576000 1.485000 -23.532000
-15.242000 -1.421000 -25.328000
-16.655000 -4.580000 -23.860000
-18.377000 -7.723000 -25.024000
-21.624000 -9.123000 -23.577000
-23.286000 -12.507000 -24.149000
-26.937000 -11.416000 -24.181000
-27.415000 -8.023000 -25.796000
-30.937000 -7.396000 -24.441000
-30.035000 -8.379000 -20.907000
-26.909000 -6.197000 -20.930000
-28.773000 -3.289000 -22.510000
-31.224000 -3.550000 -19.612000
-28.347000 -3.614000 -17.082000
-26.264000 -0.709000 -18.462000
-28.989000 1.581000 -19.806000
-31.933000 0.854000 -17.470000
-30.332000 -0.109000 -14.152000
-27.059000 1.824000 -14.204000
-28.698000 4.714000 -16.069000
-26.060000 5.377000 -18.747000
-27.221000 7.714000 -21.552000
-27.389000 6.094000 -25.016000
-25.394000 8.024000 -27.596000
-25.920000 5.697000 -30.585000
-27.026000 2.187000 -31.323000
-26.193000 0.409000 -34.556000
-26.643000 -3.069000 -35.944000
-25.069000 -4.647000 -32.108000
-22.833000 -1.817000 -31.063000
-24.272000 0.259000 -28.261000
-22.417000 3.499000 -27.446000
-22.965000 4.915000 -23.947000
-21.928000 8.192000 -22.391000
-19.837000 8.257000 -19.217000
-18.678000 11.851000 -18.712000
-15.972000 12.426000 -21.345000
-15.453000 8.790000 -22.254000
-17.738000 6.484000 -24.217000
-18.467000 2.845000 -23.289000
-18.912000 0.727000 -26.416000
-20.992000 -2.356000 -25.736000
-20.792000 -5.132000 -28.355000
-23.036000 -8.149000 -28.363000
-25.744000 -9.974000 -30.176000
-6.434000 -13.576000 -18.336000
-4.117000 -10.936000 -19.727000
-5.885000 -7.858000 -21.028000
-8.464000 -5.488000 -19.671000
-9.587000 -6.551000 -16.238000
-12.152000 -4.221000 -14.659000
-13.559000 -0.720000 -14.794000
-14.206000 1.643000 -11.929000
-16.548000 4.618000 -11.762000
-16.350000 7.741000 -9.642000
-19.329000 8.287000 -7.300000
-19.799000 10.946000 -4.596000
-21.170000 8.470000 -2.053000
-20.210000 4.758000 -2.344000
-22.377000 3.834000 0.643000
-25.537000 5.246000 -0.879000
-24.720000 4.127000 -4.432000
-27.606000 0.863000 -1.307000
-29.380000 1.920000 -4.510000
-27.761000 -0.879000 -6.484000
-28.808000 -3.528000 -4.024000
-32.319000 -1.998000 -4.123000
-32.285000 -2.519000 -7.903000
-3.285000 3.439000 -1.375000
-5.747000 6.039000 -0.384000
-8.287000 5.189000 2.158000
-11.248000 6.129000 -0.016000
-14.355000 3.934000 0.043000
-15.038000 1.601000 -2.890000
-17.183000 -1.449000 -3.643000
-17.337000 -4.091000 -6.398000
-20.409000 -5.272000 -8.258000
-20.708000 -7.277000 -11.491000
-22.345000 -7.069000 -14.897000
-24.514000 -9.933000 -16.183000
-21.386000 -11.605000 -17.675000
-19.399000 -11.280000 -14.430000
-17.380000 -8.234000 -15.552000
-16.136000 -6.615000 -12.301000
-17.272000 -2.983000 -11.967000
-16.290000 -0.755000 -9.089000
-17.780000 2.278000 -7.307000
-15.036000 4.564000 -5.989000
-14.979000 7.812000 -4.023000
10000.000000 10000.000000 10000.000000
10000.000000 10000.000000 10000.000000
10000.000000 10000.000000 10000.000000
10000.000000 10000.000000 10000.000000
