Score: 85.800000 0.000000 17.221849
10000.000000 10000.000000 10000.000000
10000.000000 10000.000000 10000.000000
10000.000000 10000.000000 10000.000000
10000.000000 10000.000000 10000.000000
10000.000000 10000.000000 10000.000000
10000.000000 10000.000000 10000.000000
10000.000000 10000.000000 10000.000000
10000.000000 10000.000000 10000.000000
10000.000000 10000.000000 10000.000000
10000.000000 10000.000000 10000.000000
-19.155000 11.553000 -15.961000
-18.075000 8.692000 -13.685000
-15.442000 5.942000 -13.311000
-16.165000 2.715000 -11.413000
-12.658000 1.324000 -11.001000
-9.197000 0.757000 -12.443000
-9.063000 -2.255000 -14.764000
-5.338000 -2.317000 -15.363000
-2.192000 -0.282000 -15.771000
0.990000 -0.634000 -17.808000
4.465000 -0.991000 -16.311000
7.452000 -0.499000 -18.593000
10.223000 -2.790000 -17.412000
13.800000 -3.567000 -18.393000
13.115000 -7.275000 -18.796000
9.702000 -8.926000 -19.016000
10.835000 -12.440000 -18.026000
12.584000 -11.092000 -14.911000
9.519000 -9.085000 -13.945000
7.087000 -11.965000 -14.499000
9.154000 -14.395000 -12.437000
9.287000 -11.805000 -9.650000
5.563000 -11.067000 -9.501000
4.612000 -14.741000 -9.794000
6.958000 -15.825000 -6.976000
6.705000 -12.817000 -4.657000
3.033000 -11.810000 -5.018000
1.427000 -14.984000 -6.395000
0.285000 -13.302000 -9.595000
-0.434000 -15.240000 -12.770000
1.479000 -14.366000 -15.920000
-0.698000 -14.651000 -19.029000
-0.391000 -14.033000 -22.779000
-2.868000 -11.744000 -24.510000
-3.272000 -9.608000 -27.603000
-0.393000 -9.575000 -30.058000
2.455000 -11.242000 -28.198000
1.735000 -9.359000 -24.982000
2.157000 -10.367000 -21.342000
0.112000 -9.426000 -18.270000
0.085000 -10.270000 -14.565000
-3.332000 -11.212000 -13.167000
-4.540000 -10.605000 -9.623000
-8.139000 -10.577000 -8.413000
-10.177000 -9.053000 -11.239000
-7.439000 -6.665000 -12.368000
-4.131000 -6.961000 -14.168000
-0.808000 -5.262000 -14.831000
0.183000 -5.101000 -18.506000
3.910000 -5.246000 -19.172000
4.368000 -0.039000 -28.840000
1.827000 2.745000 -29.321000
0.270000 4.516000 -27.602000
2.063000 4.663000 -24.256000
2.877000 7.085000 -21.450000
4.341000 10.381000 -22.664000
8.421000 5.063000 -11.961000
5.416000 3.322000 -10.398000
4.233000 3.469000 -6.806000
1.523000 0.927000 -6.065000
-0.532000 -0.232000 -3.097000
-2.078000 -3.713000 -3.152000
-4.461000 -5.267000 -0.658000
-3.933000 -8.847000 0.467000
-6.481000 -10.970000 2.345000
2.441000 -14.123000 7.128000
2.636000 -12.215000 3.843000
5.704000 -10.303000 5.008000
7.458000 -13.466000 6.164000
6.713000 -15.063000 2.790000
6.713000 -2.591000 7.936000
4.313000 -3.317000 9.423000
3.328000 0.347000 9.643000
0.034000 2.232000 9.829000
-0.896000 3.972000 6.590000
-8.775000 4.450000 -0.084000
-11.360000 3.217000 2.427000
-9.635000 3.949000 5.729000
-6.641000 2.921000 7.812000
-4.412000 0.137000 6.514000
-1.334000 -1.703000 7.765000
1.489000 -1.888000 5.191000
4.926000 -3.165000 4.352000
7.098000 -1.942000 1.473000
9.653000 -3.282000 -0.981000
10.917000 -2.632000 -4.491000
10.449000 -4.713000 -7.612000
13.266000 -5.524000 -10.076000
12.949000 -2.093000 -11.744000
12.671000 -0.095000 -8.526000
8.918000 0.390000 -8.568000
7.635000 0.886000 -5.031000
5.331000 -1.924000 -3.934000
3.177000 -1.496000 -0.821000
1.348000 -4.619000 0.374000
10000.000000 10000.000000 10000.000000
10000.000000 10000.000000 10000.000000
10000.000000 10000.000000 10000.000000
10000.000000 10000.000000 10000.000000
10000.000000 10000.000000 10000.000000
10000.000000 10000.000000 10000.000000
