Score: 56.900000 0.000000 8.698970
10000.000000 10000.000000 10000.000000
10000.000000 10000.000000 10000.000000
10000.000000 10000.000000 10000.000000
10000.000000 10000.000000 10000.000000
10000.000000 10000.000000 10000.000000
10000.000000 10000.000000 10000.000000
10000.000000 10000.000000 10000.000000
10000.000000 10000.000000 10000.000000
10000.000000 10000.000000 10000.000000
10000.000000 10000.000000 10000.000000
10000.000000 10000.000000 10000.000000
39.027000 31.653000 -4.923000
36.374000 33.990000 -3.533000
34.222000 31.003000 -2.529000
31.163000 32.794000 -1.166000
29.697000 35.998000 0.211000
30.528000 35.717000 3.903000
28.539000 38.752000 5.038000
27.031000 42.069000 3.976000
27.304000 44.855000 6.535000
24.881000 47.719000 7.004000
25.175000 50.812000 9.198000
21.933000 51.562000 11.035000
20.950000 54.706000 12.946000
18.358000 52.890000 15.085000
19.593000 49.420000 16.085000
16.339000 48.218000 17.659000
14.243000 49.406000 14.706000
16.578000 47.441000 12.432000
16.661000 44.329000 14.644000
12.866000 44.494000 14.566000
12.781000 44.846000 10.771000
15.302000 42.122000 9.878000
14.823000 39.734000 12.788000
11.201000 40.064000 13.860000
9.369000 40.990000 10.664000
11.579000 39.374000 8.009000
12.313000 36.442000 10.320000
16.102000 36.238000 9.925000
17.644000 34.166000 12.716000
19.883000 36.117000 15.076000
23.298000 34.959000 16.286000
23.788000 35.061000 20.048000
26.857000 36.656000 21.645000
28.479000 33.250000 22.147000
28.100000 32.376000 18.462000
29.858000 35.419000 17.018000
33.639000 35.912000 16.655000
35.420000 36.568000 19.956000
21.498000 37.776000 11.517000
21.820000 34.797000 9.199000
19.971000 33.065000 6.394000
19.626000 29.284000 6.770000
22.428000 28.733000 4.245000
24.842000 30.661000 6.471000
25.120000 34.118000 4.878000
25.459000 36.796000 7.541000
23.863000 40.233000 7.716000
25.829000 42.469000 10.088000
24.147000 45.525000 11.545000
26.458000 48.206000 12.925000
24.836000 50.742000 15.218000
23.247000 56.635000 15.717000
25.323000 59.653000 14.698000
25.593000 58.876000 10.987000
23.272000 60.232000 8.306000
21.898000 58.480000 5.214000
23.359000 59.541000 1.846000
19.700000 46.710000 -3.151000
19.940000 43.400000 -1.330000
17.650000 40.580000 -2.443000
16.475000 37.548000 -0.484000
5.545000 31.737000 0.514000
5.900000 34.829000 -1.685000
2.300000 35.919000 -1.159000
2.685000 35.544000 2.612000
5.739000 37.812000 2.466000
3.769000 40.484000 0.612000
0.997000 40.177000 3.213000
3.544000 40.387000 6.059000
5.795000 45.709000 -7.027000
4.780000 43.121000 -6.229000
5.410000 41.954000 -9.791000
4.829000 38.558000 -11.390000
10000.000000 10000.000000 10000.000000
10000.000000 10000.000000 10000.000000
6.618000 37.141000 -14.438000
10000.000000 10000.000000 10000.000000
10.203000 33.804000 -14.734000
9.745000 34.972000 -11.134000
8.074000 37.340000 -8.680000
9.432000 40.257000 -6.689000
8.608000 43.035000 -4.255000
10.824000 45.934000 -3.144000
10.723000 47.988000 0.042000
13.052000 50.163000 2.128000
14.467000 49.240000 5.539000
14.441000 51.725000 8.486000
17.458000 53.607000 7.096000
16.279000 53.752000 3.506000
18.274000 50.808000 2.147000
16.264000 48.927000 -0.476000
15.402000 45.276000 0.135000
13.987000 42.878000 -2.436000
12.179000 39.629000 -1.733000
10000.000000 10000.000000 10000.000000
10000.000000 10000.000000 10000.000000
10000.000000 10000.000000 10000.000000
10000.000000 10000.000000 10000.000000
10000.000000 10000.000000 10000.000000
10000.000000 10000.000000 10000.000000
