Score: 141.940000 0.000000 23.086186
10000.000000 10000.000000 10000.000000
10000.000000 10000.000000 10000.000000
10000.000000 10000.000000 10000.000000
10000.000000 10000.000000 10000.000000
10000.000000 10000.000000 10000.000000
10000.000000 10000.000000 10000.000000
10000.000000 10000.000000 10000.000000
10000.000000 10000.000000 10000.000000
10000.000000 10000.000000 10000.000000
10000.000000 10000.000000 10000.000000
10000.000000 10000.000000 10000.000000
10000.000000 10000.000000 10000.000000
52.175000 -18.679000 25.094000
49.616000 -15.895000 24.619000
45.882000 -15.748000 24.089000
43.158000 -13.231000 23.211000
41.105000 -12.983000 26.408000
38.325000 -10.496000 25.726000
37.037000 -7.409000 23.969000
35.628000 -4.542000 26.036000
32.785000 -2.162000 25.048000
31.078000 0.510000 27.177000
27.298000 0.326000 27.504000
24.584000 2.685000 28.678000
22.370000 0.185000 30.538000
23.576000 -3.182000 31.871000
20.100000 -4.720000 32.137000
19.264000 -4.146000 28.463000
22.721000 -5.206000 27.202000
22.711000 -8.367000 29.290000
19.195000 -9.177000 27.991000
20.380000 -8.820000 24.409000
23.614000 -10.863000 24.683000
21.973000 -13.645000 26.725000
18.444000 -13.937000 25.284000
19.172000 -12.831000 21.697000
22.722000 -14.220000 21.271000
22.870000 -17.183000 23.723000
25.830000 -16.023000 25.835000
25.891000 -16.466000 29.594000
26.931000 -14.061000 32.322000
30.227000 -15.389000 33.708000
30.920000 -12.827000 36.452000
30.471000 -9.216000 37.536000
32.866000 -6.697000 39.123000
31.190000 -3.716000 40.826000
30.572000 -2.054000 36.936000
32.099000 -4.707000 34.678000
30.224000 -7.755000 33.318000
31.900000 -10.606000 31.504000
29.747000 -12.671000 29.115000
30.542000 -15.425000 26.687000
29.863000 -18.822000 25.267000
32.233000 -20.387000 27.773000
34.355000 -19.495000 30.797000
37.287000 -17.116000 30.452000
34.684000 -13.342000 25.995000
32.895000 -9.988000 25.990000
33.425000 -7.363000 28.709000
30.815000 -4.654000 29.303000
31.730000 -1.551000 31.275000
28.957000 0.553000 32.764000
29.866000 4.015000 34.069000
27.304000 5.165000 36.642000
33.977000 4.707000 12.421000
37.219000 3.146000 13.750000
36.133000 0.179000 15.841000
34.501000 -2.445000 13.603000
32.634000 -5.243000 15.289000
32.756000 -8.619000 16.940000
31.903000 -11.669000 14.814000
30.069000 -14.692000 16.123000
29.959000 -18.085000 14.386000
26.530000 -19.709000 14.264000
24.809000 -22.703000 12.625000
21.933000 -20.818000 10.970000
22.211000 -17.116000 10.213000
18.814000 -16.800000 8.577000
17.027000 -18.469000 11.512000
18.792000 -16.235000 13.979000
18.144000 -13.014000 12.009000
14.472000 -13.898000 11.835000
16.178000 -11.152000 16.076000
13.818000 -9.228000 13.788000
10.914000 -10.683000 15.853000
12.352000 -8.942000 18.938000
22.709000 -11.610000 2.412000
20.604000 -14.001000 0.320000
22.944000 -16.976000 0.837000
22.806000 -17.202000 4.665000
26.568000 -16.724000 5.099000
26.583000 -13.304000 6.763000
24.446000 -10.693000 8.503000
24.958000 -7.586000 10.576000
22.799000 -6.741000 13.586000
22.973000 -3.827000 16.038000
23.130000 -4.135000 19.826000
21.154000 -1.856000 22.185000
23.985000 0.727000 22.299000
24.632000 0.799000 18.534000
27.603000 -1.574000 18.314000
27.711000 -3.874000 15.291000
27.753000 -7.647000 15.498000
28.614000 -9.837000 12.509000
26.777000 -13.152000 12.364000
28.576000 -15.761000 10.292000
27.793000 -19.296000 9.267000
30.784000 -20.802000 11.055000
31.058000 -23.912000 8.901000
31.361000 -21.901000 5.674000
10000.000000 10000.000000 10000.000000
