Score: 150.860000 0.000000 24.853872
10000.000000 10000.000000 10000.000000
10000.000000 10000.000000 10000.000000
10000.000000 10000.000000 10000.000000
10000.000000 10000.000000 10000.000000
10000.000000 10000.000000 10000.000000
10000.000000 10000.000000 10000.000000
10000.000000 10000.000000 10000.000000
10000.000000 10000.000000 10000.000000
10000.000000 10000.000000 10000.000000
10000.000000 10000.000000 10000.000000
10000.000000 10000.000000 10000.000000
10000.000000 10000.000000 10000.000000
48.556000 14.370000 15.833000
49.031000 15.984000 12.451000
46.226000 18.414000 11.869000
42.536000 18.392000 11.155000
41.465000 15.183000 9.480000
37.763000 15.935000 9.090000
34.863000 18.028000 10.422000
31.587000 16.146000 10.985000
28.323000 18.024000 11.366000
25.036000 16.565000 12.546000
22.301000 17.499000 10.062000
18.553000 16.996000 10.422000
17.817000 17.399000 6.697000
20.621000 15.821000 4.663000
19.472000 16.938000 1.194000
19.077000 20.520000 2.398000
22.504000 20.573000 3.956000
24.147000 19.046000 0.899000
22.640000 21.741000 -1.301000
23.677000 24.500000 1.162000
27.327000 23.426000 1.426000
27.653000 22.505000 -2.271000
25.703000 25.263000 -3.941000
25.990000 28.233000 -1.586000
29.441000 27.560000 -0.117000
31.069000 25.786000 -3.056000
32.038000 22.478000 -1.500000
32.509000 19.589000 -3.887000
30.203000 16.615000 -3.204000
32.387000 13.455000 -3.321000
29.919000 10.828000 -2.083000
26.400000 10.589000 -0.624000
24.533000 7.710000 0.926000
21.231000 7.342000 2.806000
22.681000 8.595000 6.076000
25.344000 11.123000 5.069000
27.606000 12.859000 2.619000
31.294000 13.543000 2.162000
32.321000 16.930000 0.724000
35.621000 18.707000 0.246000
36.594000 22.381000 0.219000
40.360000 22.867000 -0.277000
41.868000 20.348000 2.061000
38.808000 20.268000 4.357000
36.963000 16.924000 4.528000
33.411000 17.728000 5.605000
31.092000 14.957000 6.745000
27.373000 15.539000 7.018000
25.834000 12.967000 9.352000
22.075000 12.558000 9.060000
20.413000 12.915000 12.451000
23.629000 24.965000 22.105000
23.929000 28.829000 22.053000
27.696000 29.301000 22.615000
30.824000 30.587000 20.867000
31.712000 27.324000 19.025000
31.993000 28.012000 15.286000
33.683000 26.996000 12.043000
35.408000 29.525000 9.786000
36.225000 29.167000 6.128000
38.764000 31.338000 4.345000
38.016000 33.858000 1.644000
40.143000 36.406000 -0.222000
39.782000 40.097000 0.648000
10000.000000 10000.000000 10000.000000
38.535000 41.073000 -2.803000
35.810000 38.394000 -2.773000
34.453000 39.159000 0.703000
31.909000 41.849000 0.014000
30.282000 39.919000 -2.838000
30.038000 36.759000 -0.724000
28.436000 38.524000 2.232000
26.019000 40.311000 -0.088000
25.108000 37.096000 -1.878000
34.810000 43.017000 15.781000
38.226000 41.373000 15.155000
41.043000 41.687000 12.600000
40.119000 40.807000 9.034000
36.693000 40.921000 7.434000
34.355000 38.291000 8.770000
30.766000 37.327000 7.967000
29.106000 35.220000 10.681000
26.164000 33.125000 9.426000
24.112000 30.054000 10.303000
23.792000 26.807000 8.386000
20.390000 25.049000 7.982000
20.724000 23.353000 11.410000
22.083000 26.458000 13.177000
25.728000 25.431000 13.125000
27.694000 28.675000 13.421000
29.793000 29.499000 10.381000
32.154000 32.267000 9.370000
33.774000 33.481000 6.148000
37.044000 35.177000 7.118000
39.803000 37.205000 5.474000
43.162000 36.473000 7.083000
44.828000 33.655000 8.954000
10000.000000 10000.000000 10000.000000
10000.000000 10000.000000 10000.000000
