Score: 91.600000 0.000000 19.096910
10000.000000 10000.000000 10000.000000
10000.000000 10000.000000 10000.000000
10000.000000 10000.000000 10000.000000
10000.000000 10000.000000 10000.000000
10000.000000 10000.000000 10000.000000
10000.000000 10000.000000 10000.000000
10000.000000 10000.000000 10000.000000
10000.000000 10000.000000 10000.000000
10000.000000 10000.000000 10000.000000
10000.000000 10000.000000 10000.000000
10000.000000 10000.000000 10000.000000
10000.000000 10000.000000 10000.000000
3.446000 37.377000 118.724000
6.767000 38.691000 117.440000
7.310000 36.259000 114.591000
6.959000 32.698000 113.529000
8.531000 30.262000 115.958000
8.122000 26.788000 114.534000
5.998000 24.522000 112.447000
5.249000 21.028000 113.558000
4.094000 18.155000 111.342000
2.448000 15.019000 112.588000
4.009000 12.103000 110.704000
3.353000 8.385000 110.495000
6.910000 7.245000 109.685000
9.803000 9.253000 111.046000
12.434000 7.611000 108.901000
10.679000 8.255000 105.562000
9.480000 11.765000 106.405000
12.995000 12.909000 107.345000
14.064000 11.850000 103.864000
11.138000 13.719000 102.283000
11.788000 16.912000 104.207000
15.490000 16.643000 103.340000
15.235000 15.777000 99.644000
12.112000 17.653000 98.599000
12.186000 20.667000 100.893000
15.978000 20.901000 101.277000
15.673000 21.146000 105.059000
18.747000 20.587000 107.241000
18.234000 17.849000 109.821000
19.486000 19.069000 113.210000
18.494000 16.291000 115.623000
16.399000 13.129000 115.696000
14.945000 10.801000 118.319000
12.803000 7.737000 117.760000
9.832000 10.116000 117.736000
11.061000 13.621000 116.825000
13.195000 15.334000 114.216000
14.269000 18.987000 114.069000
15.206000 20.727000 110.809000
16.447000 24.169000 109.903000
14.897000 25.431000 106.683000
16.447000 28.786000 105.901000
16.069000 29.855000 109.530000
12.709000 28.161000 110.072000
12.408000 25.526000 112.724000
10.414000 22.614000 111.367000
9.501000 19.652000 113.566000
8.183000 16.218000 112.755000
-8.064000 10.915000 104.847000
-9.887000 14.189000 105.482000
-6.716000 16.242000 105.040000
-6.727000 15.343000 101.345000
-9.897000 17.422000 101.120000
-8.648000 20.633000 102.748000
-6.812000 23.250000 100.702000
-4.730000 24.390000 103.680000
-1.102000 24.568000 102.557000
2.265000 26.192000 103.032000
4.120000 27.868000 100.167000
7.805000 28.450000 99.597000
9.424000 30.940000 97.258000
11.411000 29.745000 94.251000
10.935000 23.556000 86.692000
13.937000 21.860000 88.282000
11.983000 20.964000 91.429000
9.106000 19.595000 89.373000
11.572000 17.132000 87.921000
12.888000 16.352000 91.406000
-3.815000 23.041000 91.203000
-6.465000 25.670000 90.619000
-6.668000 27.449000 87.291000
-4.350000 30.426000 87.177000
-4.187000 33.782000 85.519000
-0.610000 34.444000 84.446000
-0.381000 37.430000 86.787000
-0.787000 34.945000 89.649000
10000.000000 10000.000000 10000.000000
2.649000 33.673000 88.616000
3.612000 30.003000 88.507000
3.157000 27.338000 91.179000
3.662000 23.664000 91.907000
1.466000 21.992000 94.555000
2.242000 18.692000 96.256000
2.013000 16.789000 99.548000
4.285000 15.056000 102.069000
3.805000 11.331000 102.747000
1.044000 12.138000 105.251000
-0.938000 14.573000 103.151000
0.264000 17.983000 104.246000
-0.055000 20.257000 101.233000
2.916000 22.290000 100.090000
3.560000 24.694000 97.277000
6.495000 26.227000 95.429000
5.604000 29.781000 94.403000
10000.000000 10000.000000 10000.000000
10000.000000 10000.000000 10000.000000
10000.000000 10000.000000 10000.000000
10000.000000 10000.000000 10000.000000
10000.000000 10000.000000 10000.000000
