Score: 155.970000 0.000000 25.853872
10000.000000 10000.000000 10000.000000
10000.000000 10000.000000 10000.000000
10000.000000 10000.000000 10000.000000
10000.000000 10000.000000 10000.000000
10000.000000 10000.000000 10000.000000
10000.000000 10000.000000 10000.000000
10000.000000 10000.000000 10000.000000
10000.000000 10000.000000 10000.000000
10000.000000 10000.000000 10000.000000
10000.000000 10000.000000 10000.000000
10000.000000 10000.000000 10000.000000
10000.000000 10000.000000 10000.000000
-7.134000 42.912000 43.999000
-8.960000 39.712000 43.087000
-6.228000 37.071000 43.079000
-3.054000 35.957000 41.339000
-3.228000 36.111000 37.533000
0.152000 35.346000 35.988000
3.658000 34.110000 36.698000
6.780000 34.260000 34.541000
8.599000 30.925000 34.491000
12.247000 30.695000 33.431000
12.756000 27.635000 31.244000
15.821000 25.883000 29.830000
14.102000 24.875000 26.583000
11.101000 26.788000 25.281000
9.803000 23.926000 23.136000
10.120000 21.213000 25.758000
8.554000 23.381000 28.437000
5.775000 24.563000 26.118000
5.032000 20.899000 25.421000
4.765000 20.166000 29.144000
2.537000 23.130000 29.994000
0.197000 22.582000 27.040000
0.104000 18.790000 26.685000
0.430000 17.711000 30.305000
-1.133000 20.634000 32.178000
-3.524000 21.473000 29.337000
-2.821000 25.183000 29.175000
-3.865000 26.841000 25.974000
-1.907000 28.650000 23.339000
-1.778000 32.415000 23.655000
1.191000 34.230000 22.160000
4.394000 32.496000 21.101000
11.980000 36.270000 18.902000
12.280000 36.902000 22.638000
11.829000 33.175000 23.244000
8.693000 33.677000 25.355000
5.408000 31.776000 25.283000
2.300000 33.250000 26.930000
-0.106000 30.421000 27.796000
-3.647000 30.605000 29.197000
-4.871000 28.807000 32.308000
-8.567000 27.892000 32.588000
-9.672000 30.046000 29.651000
-8.872000 33.582000 30.785000
-8.525000 32.872000 34.514000
-4.722000 32.836000 34.605000
-1.555000 32.861000 32.534000
1.949000 31.420000 32.540000
10.752000 32.625000 29.186000
13.789000 30.802000 27.866000
16.971000 31.298000 29.900000
21.718000 30.908000 36.008000
19.134000 28.319000 37.074000
17.054000 29.133000 40.136000
14.148000 27.095000 41.425000
10.733000 28.687000 41.332000
7.602000 27.770000 43.255000
4.029000 28.408000 42.290000
0.700000 26.623000 42.537000
-2.541000 26.278000 40.611000
-5.966000 26.102000 42.226000
-7.990000 22.890000 41.849000
-11.060000 21.418000 43.547000
-10.502000 19.149000 46.559000
-12.543000 16.397000 44.891000
10000.000000 10000.000000 10000.000000
-10.166000 16.463000 41.910000
-6.973000 15.827000 43.901000
-6.843000 12.071000 43.275000
-7.844000 12.253000 39.584000
-5.203000 14.929000 38.971000
-2.511000 12.958000 40.788000
-3.345000 9.901000 38.694000
-3.467000 11.876000 35.451000
-3.486000 25.534000 59.126000
-5.059000 26.758000 55.880000
-7.655000 23.999000 55.480000
-6.060000 23.002000 52.181000
-4.756000 19.944000 50.349000
-1.689000 20.046000 48.090000
-0.030000 17.948000 45.432000
3.591000 18.605000 44.503000
5.417000 17.858000 41.260000
8.176000 19.167000 39.002000
8.110000 20.782000 35.585000
10.898000 19.902000 33.098000
13.098000 22.567000 34.699000
12.718000 21.141000 38.181000
10.550000 24.004000 39.327000
8.455000 23.157000 42.356000
4.890000 23.126000 41.051000
1.809000 22.474000 43.132000
-1.925000 21.944000 42.867000
-3.696000 23.504000 45.866000
-7.287000 22.747000 46.853000
-9.075000 24.986000 49.374000
10000.000000 10000.000000 10000.000000
10000.000000 10000.000000 10000.000000
10000.000000 10000.000000 10000.000000
