Score: 155.450000 0.000000 25.744727
10000.000000 10000.000000 10000.000000
10000.000000 10000.000000 10000.000000
10000.000000 10000.000000 10000.000000
64.394000 70.617000 13.883000
61.341000 69.295000 11.942000
60.255000 67.465000 15.170000
60.245000 70.889000 16.933000
58.262000 72.558000 14.089000
55.604000 69.758000 14.124000
55.325000 70.059000 17.957000
53.832000 73.608000 17.487000
51.684000 72.852000 14.412000
48.011000 72.020000 15.216000
46.710000 68.785000 13.841000
43.148000 67.477000 13.794000
41.303000 64.255000 13.169000
39.404000 64.397000 9.866000
38.006000 60.874000 9.781000
38.376000 57.324000 11.005000
37.619000 54.093000 9.195000
35.128000 51.938000 11.150000
35.029000 48.194000 10.172000
31.501000 46.850000 10.768000
29.529000 43.600000 10.387000
26.749000 45.491000 8.557000
26.945000 48.959000 6.957000
23.064000 48.908000 6.838000
22.829000 48.312000 10.647000
25.587000 50.842000 11.477000
24.193000 53.665000 9.251000
20.649000 53.085000 10.680000
21.997000 53.250000 14.257000
24.190000 56.376000 13.927000
21.522000 58.271000 11.931000
18.745000 57.518000 14.486000
20.755000 57.662000 17.752000
23.248000 60.474000 17.016000
21.703000 62.278000 13.999000
24.685000 61.524000 11.753000
24.229000 62.110000 8.022000
24.502000 59.008000 5.809000
26.531000 59.907000 2.687000
27.563000 57.989000 -0.452000
30.903000 58.718000 -2.207000
33.110000 57.085000 -4.932000
29.785000 55.382000 -6.049000
30.265000 52.263000 -3.825000
31.369000 53.862000 -0.461000
29.419000 54.919000 2.661000
30.230000 57.405000 5.388000
28.594000 58.923000 8.490000
29.033000 62.698000 8.629000
28.896000 64.938000 11.694000
30.241000 68.468000 12.126000
33.470000 68.731000 10.028000
34.374000 65.031000 10.452000
33.167000 61.601000 9.389000
33.375000 57.876000 9.864000
34.210000 55.933000 6.694000
32.613000 52.527000 6.835000
34.162000 49.211000 5.706000
32.142000 46.025000 5.917000
33.884000 42.830000 7.177000
34.820000 40.738000 4.147000
34.442000 43.793000 1.857000
34.047000 46.449000 18.036000
37.659000 47.617000 18.454000
36.764000 51.337000 18.641000
36.521000 53.394000 21.839000
35.718000 56.950000 20.833000
34.558000 60.138000 22.526000
32.240000 62.571000 20.759000
31.551000 66.057000 22.128000
28.046000 67.366000 21.615000
23.311000 68.866000 23.227000
22.966000 68.850000 27.051000
23.903000 65.396000 28.359000
20.522000 65.176000 30.233000
18.696000 65.519000 26.835000
21.033000 62.872000 25.292000
20.205000 60.479000 28.195000
16.454000 61.072000 27.569000
17.016000 60.419000 23.824000
16.225000 55.904000 26.903000
13.520000 56.756000 24.285000
15.421000 54.767000 21.591000
36.064000 62.098000 32.602000
39.121000 63.688000 31.010000
37.308000 67.793000 32.265000
34.143000 66.473000 30.559000
30.820000 64.867000 31.599000
30.235000 61.600000 29.764000
27.753000 58.840000 29.042000
28.726000 55.519000 27.456000
26.861000 53.095000 25.238000
27.443000 50.413000 22.585000
26.882000 50.605000 18.864000
25.775000 47.484000 16.796000
29.373000 46.151000 16.679000
29.870000 46.817000 20.429000
32.286000 49.701000 19.830000
32.321000 51.851000 22.953000
30.791000 55.286000 22.278000
31.343000 58.055000 24.816000
29.074000 61.097000 24.323000
30.177000 64.138000 26.300000
29.841000 67.777000 27.263000
10000.000000 10000.000000 10000.000000
10000.000000 10000.000000 10000.000000
10000.000000 10000.000000 10000.000000
10000.000000 10000.000000 10000.000000
