Score: 142.740000 0.000000 23.244125
10000.000000 10000.000000 10000.000000
10000.000000 10000.000000 10000.000000
10000.000000 10000.000000 10000.000000
10000.000000 10000.000000 10000.000000
10000.000000 10000.000000 10000.000000
10000.000000 10000.000000 10000.000000
10000.000000 10000.000000 10000.000000
10000.000000 10000.000000 10000.000000
10000.000000 10000.000000 10000.000000
10000.000000 10000.000000 10000.000000
10000.000000 10000.000000 10000.000000
10000.000000 10000.000000 10000.000000
62.471000 -2.265000 30.154000
61.364000 0.887000 28.293000
57.686000 0.194000 28.847000
54.823000 -1.890000 27.454000
55.413000 -3.226000 23.951000
52.051000 -4.768000 23.160000
49.458000 -7.316000 24.274000
48.456000 -10.184000 22.006000
45.133000 -11.930000 22.495000
44.026000 -15.103000 20.751000
40.444000 -15.387000 19.473000
38.369000 -17.975000 17.578000
36.537000 -15.450000 15.383000
38.670000 -12.480000 14.330000
36.001000 -10.305000 12.670000
33.601000 -10.878000 15.533000
36.229000 -9.771000 18.080000
37.231000 -6.751000 15.969000
33.779000 -5.145000 16.198000
33.826000 -5.790000 19.938000
37.030000 -3.727000 20.247000
35.999000 -0.912000 17.928000
32.563000 -0.527000 19.506000
33.564000 -0.568000 23.166000
37.137000 0.743000 23.161000
36.975000 2.982000 20.079000
39.875000 0.769000 18.938000
41.792000 2.169000 15.965000
42.634000 -0.664000 13.592000
46.067000 0.092000 12.153000
46.983000 -3.190000 10.550000
45.254000 -6.195000 9.007000
47.020000 -9.289000 7.707000
44.476000 -9.090000 4.905000
44.958000 -14.010000 10.270000
45.474000 -11.023000 12.549000
44.864000 -7.354000 13.275000
46.610000 -4.621000 15.272000
44.804000 -1.790000 17.034000
45.635000 1.284000 19.091000
43.571000 1.583000 22.247000
44.430000 4.726000 24.195000
48.087000 4.462000 23.311000
48.306000 0.716000 23.855000
49.226000 -1.534000 20.922000
46.724000 -4.450000 20.982000
47.147000 -7.464000 18.706000
44.436000 -9.973000 17.834000
45.246000 -13.337000 16.232000
42.841000 -16.058000 15.152000
43.395000 -19.514000 16.595000
39.738000 -20.852000 30.849000
38.125000 -17.938000 32.663000
40.378000 -16.544000 35.388000
40.864000 -13.349000 37.355000
43.833000 -12.456000 35.195000
42.780000 -9.206000 33.535000
43.757000 -6.072000 31.655000
42.403000 -2.780000 32.946000
41.842000 0.486000 31.136000
41.477000 3.903000 32.711000
38.196000 5.802000 32.627000
36.663000 8.626000 34.616000
33.968000 8.309000 37.264000
31.078000 4.708000 34.493000
27.371000 4.679000 33.747000
27.907000 5.367000 30.033000
30.292000 2.484000 29.514000
27.921000 0.261000 31.482000
25.214000 1.286000 29.028000
28.495000 -2.753000 27.272000
24.925000 -3.691000 28.177000
23.713000 -2.520000 24.756000
25.915000 -5.127000 23.081000
36.066000 3.147000 50.491000
38.767000 4.863000 48.462000
38.856000 2.275000 45.697000
37.216000 3.695000 42.578000
34.318000 2.024000 40.762000
35.077000 -0.682000 38.175000
33.287000 -2.494000 35.331000
34.321000 -6.074000 34.574000
33.273000 -8.029000 31.495000
34.427000 -10.580000 28.929000
34.992000 -10.585000 25.199000
33.949000 -13.711000 23.289000
37.045000 -15.681000 24.194000
37.188000 -15.649000 28.008000
39.325000 -12.501000 28.159000
38.510000 -10.598000 31.360000
38.499000 -6.848000 30.779000
37.987000 -3.927000 33.098000
37.283000 -0.237000 32.867000
38.682000 1.233000 36.086000
37.762000 4.624000 37.500000
39.792000 5.967000 40.395000
43.593000 5.853000 40.469000
10000.000000 10000.000000 10000.000000
10000.000000 10000.000000 10000.000000
