Score: 143.340000 0.000000 23.366532
10000.000000 10000.000000 10000.000000
10000.000000 10000.000000 10000.000000
10000.000000 10000.000000 10000.000000
10000.000000 10000.000000 10000.000000
10000.000000 10000.000000 10000.000000
10000.000000 10000.000000 10000.000000
10000.000000 10000.000000 10000.000000
10000.000000 10000.000000 10000.000000
42.117000 12.467000 40.650000
43.661000 15.901000 40.152000
43.641000 14.883000 36.496000
39.894000 15.466000 36.408000
40.336000 18.894000 37.914000
38.862000 21.604000 35.739000
36.812000 19.250000 33.661000
33.176000 20.148000 33.432000
31.278000 17.973000 35.972000
27.830000 18.840000 34.753000
25.688000 21.396000 33.028000
22.127000 22.162000 34.090000
19.526000 23.616000 31.790000
15.921000 24.671000 32.364000
13.540000 23.664000 29.618000
10.138000 24.952000 28.605000
8.329000 21.672000 27.950000
10.098000 18.768000 29.559000
8.440000 16.049000 27.534000
9.323000 17.561000 24.173000
12.839000 18.358000 25.292000
13.396000 14.855000 26.624000
12.268000 13.480000 23.308000
14.961000 15.416000 21.506000
17.786000 14.846000 23.993000
17.067000 11.189000 24.487000
17.516000 10.872000 20.739000
20.593000 13.003000 20.304000
22.415000 11.962000 23.457000
21.285000 8.495000 22.516000
22.948000 8.805000 19.128000
26.079000 10.189000 20.854000
26.515000 7.362000 23.354000
25.077000 8.802000 26.567000
23.181000 6.706000 29.057000
20.332000 7.807000 31.288000
12.099000 12.319000 37.795000
8.867000 14.233000 37.523000
10.553000 17.547000 36.813000
13.660000 16.431000 34.986000
16.257000 14.116000 33.616000
19.993000 13.688000 33.636000
22.311000 11.861000 31.199000
25.860000 10.516000 31.547000
28.891000 10.354000 29.323000
32.456000 9.911000 30.525000
32.906000 12.083000 33.609000
30.296000 14.715000 32.620000
26.536000 14.891000 33.023000
23.852000 16.902000 31.265000
20.803000 17.746000 33.406000
17.498000 19.052000 32.092000
14.859000 20.498000 34.409000
11.318000 21.782000 33.895000
11.166000 25.573000 33.986000
8.825000 26.696000 36.766000
22.878000 36.833000 27.938000
23.311000 33.233000 29.058000
23.466000 30.075000 26.868000
23.863000 30.342000 23.097000
24.861000 26.776000 22.182000
26.309000 23.412000 23.054000
28.611000 21.526000 20.740000
29.590000 17.913000 20.701000
32.282000 15.748000 19.157000
31.477000 13.262000 16.394000
33.796000 10.457000 15.322000
33.631000 11.483000 11.708000
32.084000 13.490000 8.943000
30.001000 10.477000 8.142000
28.459000 10.689000 11.617000
27.714000 14.378000 11.086000
26.091000 13.498000 7.736000
24.090000 10.735000 9.354000
22.858000 13.029000 12.113000
21.911000 15.686000 9.554000
19.763000 13.227000 7.661000
18.139000 12.077000 10.902000
17.444000 15.612000 11.888000
35.851000 25.877000 5.360000
37.788000 23.813000 7.829000
34.893000 23.344000 10.264000
32.690000 20.347000 9.334000
29.462000 20.389000 11.388000
25.697000 20.396000 11.667000
23.932000 23.137000 13.496000
20.380000 22.603000 14.732000
17.844000 23.610000 17.357000
16.474000 21.769000 20.331000
12.784000 22.330000 21.119000
13.746000 25.379000 23.232000
15.515000 27.037000 20.362000
18.817000 26.292000 22.050000
21.433000 25.975000 19.292000
23.108000 22.578000 19.081000
26.239000 21.635000 17.145000
27.944000 18.313000 16.315000
31.443000 18.665000 14.871000
33.615000 16.296000 12.920000
37.271000 15.921000 13.771000
10000.000000 10000.000000 10000.000000
10000.000000 10000.000000 10000.000000
10000.000000 10000.000000 10000.000000
