Score: 33.800000 0.022000 1.657577
10000.000000 10000.000000 10000.000000
10000.000000 10000.000000 10000.000000
10000.000000 10000.000000 10000.000000
10000.000000 10000.000000 10000.000000
10000.000000 10000.000000 10000.000000
10000.000000 10000.000000 10000.000000
10000.000000 10000.000000 10000.000000
10000.000000 10000.000000 10000.000000
10000.000000 10000.000000 10000.000000
10000.000000 10000.000000 10000.000000
10000.000000 10000.000000 10000.000000
10000.000000 10000.000000 10000.000000
10000.000000 10000.000000 10000.000000
10000.000000 10000.000000 10000.000000
4.878000 0.659000 -19.014000
7.223000 -1.072000 -16.554000
5.920000 -0.879000 -12.974000
6.884000 -4.162000 -11.365000
9.989000 -6.194000 -10.704000
9.945000 -9.493000 -8.803000
13.460000 -9.965000 -7.478000
14.334000 -13.420000 -6.195000
16.809000 -13.013000 -3.348000
18.752000 -15.052000 -0.846000
17.367000 -13.173000 2.191000
14.219000 -11.066000 1.999000
14.607000 -9.523000 5.447000
18.176000 -8.302000 4.743000
17.317000 -6.978000 1.273000
14.234000 -5.179000 2.662000
16.151000 -3.478000 5.481000
18.932000 -2.382000 3.051000
16.419000 -0.834000 0.657000
14.634000 0.968000 3.517000
17.808000 2.358000 5.050000
19.725000 3.483000 1.982000
17.106000 4.004000 -0.742000
13.995000 5.003000 1.172000
11.647000 2.336000 -0.174000
8.549000 1.488000 1.906000
7.130000 -1.960000 2.651000
3.427000 -2.369000 1.976000
4.979000 -9.353000 3.734000
4.433000 -13.131000 3.859000
6.760000 -14.078000 6.743000
10.366000 -14.007000 5.534000
9.386000 -15.399000 2.101000
8.013000 -12.250000 0.495000
8.064000 -8.461000 0.837000
6.360000 -5.847000 -1.303000
8.403000 -2.654000 -1.626000
7.121000 0.592000 -3.175000
8.689000 3.869000 -4.253000
6.891000 7.254000 -4.484000
5.813000 6.779000 -8.086000
4.009000 3.505000 -7.591000
6.797000 1.242000 -8.802000
6.425000 -2.153000 -7.114000
9.576000 -4.109000 -6.294000
8.669000 -7.466000 -4.711000
11.364000 -9.481000 -2.917000
14.515000 -18.910000 -2.951000
18.046000 -18.735000 -4.404000
19.046000 -21.305000 -6.936000
21.140000 -19.010000 -9.194000
23.136000 -15.747000 -9.378000
21.912000 -12.817000 -11.476000
23.869000 -12.150000 -14.686000
21.309000 -4.068000 -12.095000
18.505000 -1.945000 -10.723000
19.027000 1.853000 -10.887000
17.996000 4.392000 -8.230000
18.587000 7.945000 -9.516000
19.459000 10.733000 -7.105000
18.649000 14.454000 -7.074000
22.273000 15.624000 -7.059000
25.867000 14.407000 -7.149000
26.067000 15.330000 -3.458000
23.285000 12.786000 -2.746000
25.180000 10.108000 -4.720000
28.315000 10.871000 -2.662000
26.315000 10.728000 0.562000
24.978000 7.239000 -0.161000
28.428000 6.088000 -1.282000
30.030000 7.426000 1.951000
27.430000 5.890000 4.265000
27.567000 2.522000 2.507000
28.575000 0.891000 7.222000
30.766000 -1.921000 5.846000
25.986000 10.172000 -15.277000
27.763000 10.347000 -11.910000
27.500000 6.683000 -10.954000
28.503000 3.887000 -8.608000
27.414000 0.289000 -7.954000
26.804000 -1.744000 -4.799000
25.853000 -5.388000 -4.214000
22.658000 -5.439000 -2.176000
22.124000 -8.017000 0.567000
20.025000 -10.687000 -1.118000
22.321000 -10.879000 -4.133000
21.544000 -8.248000 -6.805000
23.435000 -5.146000 -7.939000
22.132000 -1.615000 -7.450000
23.153000 1.368000 -9.548000
23.178000 4.789000 -7.843000
23.445000 7.830000 -10.114000
10000.000000 10000.000000 10000.000000
10000.000000 10000.000000 10000.000000
10000.000000 10000.000000 10000.000000
10000.000000 10000.000000 10000.000000
10000.000000 10000.000000 10000.000000
