Score: 114.760000 0.000000 17.721246
10000.000000 10000.000000 10000.000000
10000.000000 10000.000000 10000.000000
10000.000000 10000.000000 10000.000000
10000.000000 10000.000000 10000.000000
10000.000000 10000.000000 10000.000000
-0.701000 44.117000 14.272000
-0.012000 40.370000 13.836000
1.529000 37.458000 15.711000
3.382000 34.166000 15.175000
0.191000 32.223000 14.463000
-2.040000 31.963000 17.509000
10000.000000 10000.000000 10000.000000
1.034000 31.410000 19.654000
2.943000 33.609000 22.011000
0.054000 34.650000 24.280000
0.605000 35.013000 28.018000
-1.930000 32.471000 29.206000
-1.044000 31.429000 32.730000
0.925000 32.443000 35.795000
2.486000 30.691000 38.788000
3.026000 32.143000 42.271000
5.445000 30.214000 44.540000
4.884000 29.846000 48.271000
6.712000 28.834000 51.372000
3.673000 27.908000 53.456000
0.850000 26.699000 51.225000
-1.957000 27.061000 53.725000
-0.878000 30.614000 54.548000
-0.474000 31.562000 50.921000
-3.779000 30.149000 49.813000
-5.593000 31.868000 52.674000
-3.875000 35.162000 51.821000
-5.174000 35.128000 48.266000
-8.632000 33.735000 49.033000
-8.948000 36.448000 51.625000
-7.403000 39.360000 49.751000
-9.150000 38.911000 46.439000
-11.546000 35.940000 46.559000
-9.511000 33.682000 44.319000
-10.865000 30.143000 44.051000
-7.999000 27.824000 44.857000
-7.968000 24.010000 44.783000
-5.139000 21.647000 45.684000
-4.917000 19.141000 42.809000
-1.708000 14.254000 42.717000
-0.148000 17.217000 41.055000
1.807000 19.051000 43.829000
0.000000 22.099000 42.575000
-2.828000 24.432000 43.576000
-5.085000 25.585000 40.752000
-6.039000 29.270000 40.931000
-9.138000 30.707000 39.264000
-9.069000 34.600000 39.249000
-11.959000 35.025000 36.826000
-14.894000 33.079000 35.343000
-14.484000 29.873000 33.433000
-16.891000 28.022000 31.169000
-11.650000 31.667000 30.961000
-14.899000 32.694000 29.221000
-14.743000 36.463000 29.747000
-11.856000 38.470000 28.237000
-5.739000 34.758000 33.112000
11.670000 25.405000 44.242000
11.130000 24.851000 40.501000
9.355000 28.192000 40.520000
11.326000 30.606000 42.695000
9.586000 33.922000 41.976000
6.344000 34.637000 40.090000
6.371000 33.259000 36.530000
4.270000 34.107000 33.528000
3.768000 31.458000 30.867000
3.890000 31.874000 27.100000
1.812000 29.484000 24.966000
3.875000 28.050000 22.078000
3.267000 25.579000 19.293000
6.450000 23.658000 20.144000
8.579000 23.971000 23.261000
11.444000 22.298000 21.370000
11.302000 24.952000 18.650000
10.819000 27.800000 21.115000
13.769000 26.794000 23.298000
15.975000 26.489000 20.195000
15.334000 31.403000 22.622000
18.896000 30.085000 22.915000
19.824000 31.483000 19.503000
18.523000 34.867000 20.743000
-1.032000 16.900000 33.914000
-2.640000 15.225000 30.908000
-3.041000 17.996000 28.366000
0.351000 19.493000 27.670000
3.971000 20.220000 28.397000
5.834000 22.934000 30.294000
9.332000 24.336000 30.302000
11.204000 27.270000 31.826000
13.889000 29.550000 30.379000
15.750000 32.734000 31.171000
15.197000 35.663000 28.809000
17.951000 38.032000 27.593000
17.619000 39.831000 30.930000
17.972000 36.866000 33.353000
14.274000 36.600000 34.136000
12.756000 33.132000 34.509000
9.732000 32.760000 32.201000
7.534000 29.767000 31.446000
6.449000 27.999000 28.266000
3.307000 25.901000 27.730000
2.679000 23.593000 24.795000
-0.732000 22.032000 24.344000
-0.403000 18.474000 23.133000
-1.476000 18.215000 19.457000
10000.000000 10000.000000 10000.000000
