Score: 151.010000 0.000000 24.886057
10000.000000 10000.000000 10000.000000
10000.000000 10000.000000 10000.000000
10000.000000 10000.000000 10000.000000
10000.000000 10000.000000 10000.000000
10000.000000 10000.000000 10000.000000
10000.000000 10000.000000 10000.000000
10000.000000 10000.000000 10000.000000
10000.000000 10000.000000 10000.000000
10000.000000 10000.000000 10000.000000
10000.000000 10000.000000 10000.000000
10000.000000 10000.000000 10000.000000
10000.000000 10000.000000 10000.000000
-6.320000 45.436000 7.096000
-4.496000 42.112000 7.225000
-3.870000 41.681000 3.522000
-1.226000 40.555000 1.050000
-2.185000 41.556000 -2.492000
0.685000 39.938000 -4.383000
3.443000 37.437000 -3.637000
6.225000 38.168000 -6.111000
8.981000 35.639000 -6.675000
12.102000 36.653000 -8.567000
12.972000 34.127000 -11.279000
15.629000 33.587000 -13.926000
13.696000 31.926000 -16.749000
9.980000 32.253000 -17.541000
9.676000 28.993000 -19.454000
11.266000 26.966000 -16.646000
9.071000 28.701000 -14.066000
5.920000 28.341000 -16.184000
6.669000 24.617000 -16.527000
6.866000 24.129000 -12.758000
3.684000 26.041000 -11.944000
1.813000 24.899000 -15.036000
2.803000 21.250000 -15.466000
3.725000 20.704000 -11.830000
0.969000 22.485000 -9.906000
-1.505000 22.529000 -12.783000
-1.994000 26.287000 -12.526000
-2.824000 28.583000 -15.421000
-1.714000 32.206000 -15.765000
-4.177000 35.099000 -15.862000
-1.445000 37.338000 -17.325000
1.847000 36.795000 -19.110000
4.425000 38.782000 -21.039000
8.177000 38.327000 -21.670000
9.104000 39.442000 -18.144000
6.306000 38.462000 -15.762000
3.548000 35.929000 -15.139000
0.555000 36.391000 -12.829000
-1.574000 33.578000 -11.402000
-4.872000 34.347000 -9.654000
-4.810000 32.693000 -6.234000
-7.066000 32.382000 -3.164000
-7.415000 36.053000 -2.304000
-4.222000 37.360000 -3.878000
-2.022000 37.129000 -6.962000
1.189000 35.110000 -7.327000
3.715000 36.752000 -9.637000
6.940000 35.327000 -11.065000
9.027000 38.262000 -12.326000
12.495000 38.141000 -13.904000
14.920000 39.086000 -11.116000
18.914000 33.470000 -4.623000
15.948000 32.180000 -2.612000
15.626000 33.525000 0.919000
14.474000 32.551000 4.400000
10.904000 31.681000 3.425000
8.566000 28.884000 2.387000
5.149000 28.873000 0.718000
2.746000 26.102000 1.695000
0.029000 24.489000 -0.416000
-2.461000 22.499000 1.677000
-4.287000 19.487000 0.232000
-7.656000 17.957000 1.134000
-6.411000 14.420000 1.877000
-3.194000 12.774000 3.078000
-3.110000 10.691000 -0.103000
-2.615000 13.852000 -2.158000
0.698000 14.954000 -0.695000
2.984000 12.346000 -2.260000
1.407000 12.393000 -5.759000
1.488000 16.188000 -6.032000
5.119000 16.279000 -4.918000
6.036000 13.727000 -7.593000
4.361000 15.940000 -10.196000
5.491000 17.415000 15.032000
2.167000 19.255000 14.696000
0.660000 16.176000 13.066000
-0.507000 15.532000 9.528000
1.859000 14.923000 6.618000
4.155000 17.316000 4.762000
7.132000 17.457000 2.433000
9.175000 20.141000 0.668000
9.987000 20.813000 -2.989000
11.683000 23.909000 -4.360000
10.784000 25.511000 -7.665000
13.423000 25.918000 -10.435000
14.693000 29.119000 -8.843000
15.016000 27.665000 -5.362000
11.818000 29.033000 -3.831000
10.679000 26.527000 -1.226000
7.224000 24.986000 -1.332000
5.710000 22.908000 1.436000
3.076000 20.416000 0.293000
1.030000 19.592000 3.352000
-2.030000 17.849000 4.690000
-3.202000 19.631000 7.852000
-6.805000 18.608000 8.685000
10000.000000 10000.000000 10000.000000
10000.000000 10000.000000 10000.000000
