Score: 153.220000 0.000000 25.318759
10000.000000 10000.000000 10000.000000
10000.000000 10000.000000 10000.000000
10000.000000 10000.000000 10000.000000
10000.000000 10000.000000 10000.000000
10000.000000 10000.000000 10000.000000
10000.000000 10000.000000 10000.000000
10000.000000 10000.000000 10000.000000
10000.000000 10000.000000 10000.000000
10000.000000 10000.000000 10000.000000
10000.000000 10000.000000 10000.000000
9.038000 6.956000 27.157000
12.036000 7.099000 24.816000
11.707000 5.292000 21.469000
14.951000 3.952000 19.939000
13.855000 2.327000 16.686000
11.293000 0.299000 14.779000
11.759000 -3.380000 15.637000
9.419000 -4.867000 13.059000
6.098000 -4.418000 11.323000
3.247000 -6.521000 9.993000
2.390000 -6.875000 6.297000
-1.041000 -8.292000 5.368000
-0.713000 -10.345000 2.196000
-2.920000 -12.411000 -0.075000
-0.408000 -15.278000 -0.315000
2.548000 -15.782000 2.028000
4.478000 -18.088000 -0.341000
4.406000 -15.569000 -3.189000
5.487000 -12.838000 -0.785000
8.338000 -14.919000 0.684000
9.727000 -15.706000 -2.774000
9.694000 -12.060000 -3.797000
11.499000 -10.825000 -0.686000
14.030000 -13.670000 -0.492000
14.851000 -13.671000 -4.195000
14.697000 -9.934000 -4.883000
15.720000 -8.210000 -1.624000
17.652000 -11.121000 -0.121000
15.566000 -11.314000 3.066000
15.417000 -14.608000 5.007000
12.127000 -16.294000 5.782000
11.564000 -18.015000 9.124000
8.765000 -19.695000 11.041000
8.157000 -18.883000 14.707000
5.429000 -19.793000 17.216000
4.808000 -22.976000 15.241000
3.009000 -21.469000 12.228000
3.886000 -17.772000 11.934000
5.931000 -16.421000 9.053000
8.405000 -13.540000 9.069000
11.174000 -12.146000 6.881000
14.480000 -11.309000 8.568000
16.919000 -8.614000 7.432000
19.629000 -6.765000 9.323000
18.482000 -6.505000 12.937000
14.816000 -6.121000 12.049000
12.033000 -8.173000 10.576000
8.650000 -8.144000 8.936000
5.895000 -10.452000 10.125000
3.530000 -11.758000 7.494000
-0.211000 -12.077000 8.037000
-2.183000 -13.807000 5.320000
-5.763000 -12.648000 4.737000
-8.174000 -15.001000 6.486000
-0.945000 -3.475000 -0.954000
-1.208000 -0.579000 1.522000
2.427000 -0.572000 2.621000
4.979000 2.031000 1.528000
8.421000 1.179000 2.931000
11.920000 2.584000 2.404000
14.911000 0.319000 3.018000
18.548000 1.374000 3.214000
21.025000 -0.732000 1.230000
24.782000 -1.016000 1.627000
24.999000 -2.256000 -1.962000
25.859000 0.426000 -4.560000
22.496000 1.740000 -5.785000
23.473000 1.306000 -9.458000
24.321000 -2.310000 -8.782000
20.869000 -2.589000 -7.196000
19.085000 -1.284000 -10.297000
20.758000 -3.982000 -12.411000
19.925000 -6.746000 -9.944000
16.288000 -5.570000 -9.958000
17.992000 -8.942000 -14.027000
15.371000 -10.336000 -11.633000
14.651000 11.751000 -2.178000
14.675000 12.877000 1.442000
15.836000 10.297000 3.978000
19.040000 9.593000 -0.441000
19.115000 8.165000 -3.965000
16.266000 5.709000 -4.380000
14.670000 3.149000 -6.622000
11.014000 2.111000 -6.450000
9.524000 -1.318000 -7.099000
6.339000 -3.128000 -6.075000
5.887000 -6.449000 -4.300000
3.243000 -9.062000 -5.270000
0.461000 -7.317000 -3.301000
1.167000 -3.844000 -4.640000
3.015000 -2.425000 -1.644000
5.535000 0.195000 -2.712000
9.130000 -0.716000 -1.920000
11.750000 2.025000 -1.942000
15.355000 0.764000 -1.890000
17.747000 3.601000 -1.063000
21.269000 4.753000 -0.326000
22.447000 7.920000 1.426000
24.174000 10.596000 -0.677000
10000.000000 10000.000000 10000.000000
10000.000000 10000.000000 10000.000000
