Score: 147.860000 0.000000 24.259637
10000.000000 10000.000000 10000.000000
10000.000000 10000.000000 10000.000000
10000.000000 10000.000000 10000.000000
10000.000000 10000.000000 10000.000000
10000.000000 10000.000000 10000.000000
10000.000000 10000.000000 10000.000000
10000.000000 10000.000000 10000.000000
10000.000000 10000.000000 10000.000000
10000.000000 10000.000000 10000.000000
10000.000000 10000.000000 10000.000000
10000.000000 10000.000000 10000.000000
10000.000000 10000.000000 10000.000000
24.119000 87.160000 -1.275000
23.193000 85.402000 -4.517000
25.299000 82.240000 -4.136000
28.699000 80.992000 -3.127000
31.117000 82.771000 -5.427000
34.234000 80.667000 -4.704000
35.974000 78.518000 -2.104000
39.611000 79.377000 -1.447000
41.784000 76.878000 0.402000
45.191000 77.739000 1.800000
47.756000 75.132000 0.721000
51.413000 74.433000 1.582000
52.484000 72.608000 -1.552000
50.706000 73.675000 -4.689000
51.942000 70.772000 -6.816000
50.714000 68.155000 -4.316000
47.380000 69.962000 -3.908000
46.723000 70.310000 -7.624000
47.515000 66.666000 -8.136000
45.011000 65.755000 -5.362000
42.195000 68.083000 -6.382000
42.573000 67.729000 -10.140000
43.812000 64.146000 -10.666000
42.455000 62.194000 -7.662000
39.244000 64.176000 -7.057000
38.903000 64.993000 -10.739000
37.989000 68.686000 -10.558000
38.561000 70.495000 -13.835000
41.689000 72.713000 -13.891000
41.276000 76.093000 -15.618000
44.446000 77.947000 -14.680000
47.590000 77.632000 -12.621000
50.326000 80.073000 -11.615000
53.314000 80.065000 -9.230000
51.189000 80.485000 -6.063000
47.721000 79.214000 -6.899000
45.323000 77.365000 -9.154000
41.722000 77.787000 -10.260000
39.512000 74.716000 -10.542000
35.835000 73.932000 -10.880000
33.564000 71.407000 -9.340000
30.328000 71.728000 -11.333000
29.283000 75.470000 -10.976000
31.813000 75.869000 -8.051000
34.967000 77.897000 -8.478000
37.585000 76.462000 -6.166000
40.837000 78.279000 -5.709000
43.953000 76.653000 -4.228000
46.126000 79.431000 -2.856000
49.677000 78.951000 -1.626000
50.092000 80.366000 1.870000
53.421000 80.505000 3.726000
40.939000 71.617000 13.631000
37.194000 71.993000 14.369000
34.186000 70.699000 12.504000
34.314000 73.201000 9.642000
34.135000 71.000000 6.529000
33.332000 71.038000 2.764000
30.874000 68.431000 1.487000
30.751000 67.560000 -2.230000
27.927000 65.825000 -4.016000
28.387000 62.440000 -5.553000
25.948000 60.240000 -7.405000
24.658000 57.320000 -5.436000
10000.000000 10000.000000 10000.000000
26.259000 54.705000 -7.732000
29.516000 56.696000 -7.430000
29.731000 56.660000 -3.589000
31.114000 53.237000 -2.698000
33.480000 53.056000 -5.701000
34.656000 56.600000 -5.124000
35.174000 55.884000 -1.322000
37.294000 52.849000 -2.054000
39.245000 54.707000 -4.706000
27.282000 57.316000 12.122000
24.215000 58.637000 10.273000
21.815000 56.594000 8.049000
22.748000 58.565000 4.875000
25.828000 58.123000 2.721000
28.810000 60.210000 3.912000
32.584000 59.681000 3.651000
34.888000 62.017000 5.596000
38.396000 62.629000 4.344000
41.265000 65.173000 4.397000
42.999000 66.973000 1.567000
46.859000 66.979000 1.645000
46.931000 69.917000 4.177000
44.137000 68.642000 6.403000
41.158000 70.580000 5.028000
38.171000 68.523000 6.098000
36.130000 67.272000 3.129000
33.152000 64.992000 2.647000
31.525000 62.880000 -0.087000
27.767000 63.101000 0.454000
24.764000 61.655000 -1.333000
21.631000 63.638000 -0.774000
20.144000 67.095000 -0.870000
10000.000000 10000.000000 10000.000000
10000.000000 10000.000000 10000.000000
