Score: 37.700000 0.002000 2.698970
10000.000000 10000.000000 10000.000000
10000.000000 10000.000000 10000.000000
10000.000000 10000.000000 10000.000000
10000.000000 10000.000000 10000.000000
10000.000000 10000.000000 10000.000000
10000.000000 10000.000000 10000.000000
10000.000000 10000.000000 10000.000000
10000.000000 10000.000000 10000.000000
10000.000000 10000.000000 10000.000000
-43.055000 39.100000 -20.897000
-40.291000 36.857000 -22.245000
-38.382000 38.313000 -25.121000
-39.258000 35.047000 -27.017000
-42.106000 32.578000 -26.382000
-41.221000 29.846000 -28.915000
-39.852000 28.946000 -32.329000
-42.750000 29.342000 -34.785000
-41.156000 27.494000 -37.699000
-37.960000 26.512000 -39.483000
-37.710000 26.287000 -43.258000
-36.623000 23.627000 -45.733000
-36.153000 24.200000 -49.479000
-38.158000 22.101000 -51.883000
-38.547000 22.109000 -55.690000
-42.354000 21.845000 -55.749000
-44.608000 22.915000 -52.955000
-47.585000 20.690000 -53.929000
-45.459000 17.575000 -54.212000
-43.731000 18.440000 -50.936000
-47.110000 18.785000 -49.230000
-48.094000 15.339000 -50.491000
-44.916000 13.859000 -49.062000
-44.962000 15.593000 -45.630000
-48.722000 15.172000 -45.125000
-49.421000 11.712000 -46.682000
-46.109000 10.000000 -46.211000
-44.776000 11.539000 -42.948000
-48.137000 12.172000 -41.355000
-47.783000 15.906000 -40.799000
-50.772000 18.275000 -40.980000
-50.892000 21.339000 -43.290000
-51.225000 24.630000 -41.443000
-50.395000 27.634000 -43.613000
-51.213000 27.845000 -47.305000
-47.607000 38.277000 -51.772000
-47.849000 37.321000 -55.488000
-44.423000 35.601000 -55.428000
-44.678000 33.782000 -52.076000
-47.172000 30.997000 -51.318000
-46.395000 30.523000 -47.664000
-46.893000 26.803000 -46.859000
-46.236000 25.062000 -43.586000
-50.270000 18.057000 -31.886000
-46.837000 19.759000 -31.991000
-45.953000 23.448000 -31.652000
-43.157000 24.236000 -34.163000
-43.972000 24.048000 -37.911000
-41.769000 23.422000 -40.953000
-42.141000 25.900000 -43.836000
-41.862000 24.361000 -47.338000
-39.916000 27.103000 -49.081000
-38.734000 27.464000 -52.700000
-35.366000 28.560000 -53.997000
-32.950000 21.811000 -51.999000
-30.954000 18.848000 -50.737000
-28.443000 18.075000 -48.074000
-28.382000 18.241000 -44.308000
-31.236000 20.337000 -43.059000
-29.911000 20.671000 -39.521000
-33.455000 19.569000 -38.443000
-33.782000 16.675000 -36.039000
-37.150000 14.944000 -35.591000
-38.429000 12.893000 -32.631000
-40.518000 9.737000 -32.851000
-41.805000 7.695000 -29.925000
-41.325000 4.325000 -31.757000
-38.421000 4.309000 -34.185000
-38.806000 0.652000 -35.151000
-42.386000 1.332000 -36.258000
-41.421000 4.591000 -37.988000
-38.648000 2.853000 -39.870000
-40.861000 -0.111000 -40.878000
-43.894000 1.914000 -41.987000
-41.957000 4.760000 -43.617000
-39.834000 2.223000 -45.553000
-43.122000 0.533000 -46.738000
-44.269000 4.023000 -47.864000
-41.100000 4.445000 -49.960000
-28.092000 6.306000 -25.372000
-30.845000 6.870000 -27.960000
-31.589000 5.042000 -31.143000
-31.490000 7.062000 -34.353000
-31.152000 7.034000 -38.093000
-31.369000 9.384000 -41.085000
-33.850000 9.723000 -43.882000
-34.473000 12.011000 -46.813000
-37.379000 13.648000 -48.553000
-37.803000 13.430000 -52.381000
-35.577000 16.480000 -52.897000
-32.808000 14.933000 -50.896000
-33.317000 17.012000 -47.745000
-31.905000 14.954000 -44.887000
-33.325000 14.685000 -41.372000
-31.951000 13.007000 -38.242000
-34.667000 10.813000 -36.714000
-34.313000 10.059000 -32.995000
-36.365000 7.903000 -30.663000
10000.000000 10000.000000 10000.000000
10000.000000 10000.000000 10000.000000
10000.000000 10000.000000 10000.000000
10000.000000 10000.000000 10000.000000
