Score: 60.400000 0.000000 9.698970
10000.000000 10000.000000 10000.000000
10000.000000 10000.000000 10000.000000
10000.000000 10000.000000 10000.000000
10000.000000 10000.000000 10000.000000
10000.000000 10000.000000 10000.000000
10000.000000 10000.000000 10000.000000
10000.000000 10000.000000 10000.000000
10000.000000 10000.000000 10000.000000
10000.000000 10000.000000 10000.000000
10000.000000 10000.000000 10000.000000
10000.000000 10000.000000 10000.000000
10000.000000 10000.000000 10000.000000
10000.000000 10000.000000 10000.000000
10000.000000 10000.000000 10000.000000
6.566000 38.487000 34.902000
7.376000 34.912000 34.174000
11.094000 34.800000 33.482000
11.921000 31.217000 32.643000
11.373000 27.534000 33.057000
14.308000 25.436000 34.269000
14.836000 21.878000 33.040000
17.626000 19.510000 33.957000
19.349000 17.839000 31.032000
21.720000 14.914000 30.558000
23.965000 16.646000 28.006000
24.248000 20.409000 27.813000
25.535000 20.748000 24.276000
23.115000 18.175000 22.944000
20.300000 20.268000 24.435000
21.668000 23.536000 23.172000
21.985000 22.139000 19.681000
18.386000 21.008000 19.792000
16.750000 24.169000 21.029000
18.791000 26.352000 18.703000
19.456000 24.377000 15.532000
16.209000 22.399000 15.499000
13.734000 24.770000 17.181000
15.252000 28.029000 16.021000
16.173000 29.353000 19.436000
19.322000 31.272000 20.240000
21.931000 30.711000 22.914000
21.507000 33.701000 25.177000
24.142000 32.937000 27.741000
25.948000 30.134000 29.481000
27.581000 29.806000 32.868000
29.641000 27.429000 34.934000
29.626000 26.727000 38.647000
23.776000 26.416000 32.794000
22.614000 27.573000 29.398000
19.776000 29.958000 28.631000
17.984000 29.543000 25.322000
15.215000 31.691000 23.885000
13.533000 33.478000 20.977000
14.154000 36.931000 22.353000
10.367000 37.496000 27.357000
10.335000 34.078000 28.989000
13.138000 31.701000 28.185000
14.386000 28.249000 29.025000
17.122000 27.509000 31.565000
19.038000 24.301000 30.916000
20.875000 22.726000 33.804000
13.487000 10.700000 36.606000
10.869000 12.610000 34.622000
8.008000 11.904000 36.985000
4.316000 12.339000 36.202000
3.774000 15.900000 37.380000
5.551000 18.067000 34.856000
3.587000 18.454000 31.628000
5.380000 20.404000 28.952000
6.375000 23.662000 27.445000
4.324000 25.099000 24.608000
6.055000 27.123000 21.879000
4.647000 29.054000 18.975000
6.034000 27.529000 15.759000
6.464000 29.045000 12.286000
5.703000 25.818000 10.477000
4.572000 22.889000 12.570000
4.835000 20.272000 9.855000
8.314000 21.406000 9.017000
9.475000 21.456000 12.620000
8.288000 17.877000 12.957000
10.332000 16.899000 9.978000
13.384000 18.654000 11.272000
12.830000 17.071000 14.650000
12.427000 13.556000 13.318000
15.771000 13.691000 11.595000
-9.362000 18.217000 17.861000
-12.452000 20.406000 17.542000
-10.435000 23.267000 16.109000
-8.438000 24.528000 13.150000
-5.174000 25.555000 14.794000
-2.313000 23.326000 13.793000
-0.467000 21.715000 16.607000
3.794000 17.314000 20.075000
7.447000 16.308000 20.222000
10.165000 15.195000 22.547000
13.495000 16.829000 23.178000
16.697000 14.816000 23.497000
15.948000 14.160000 27.185000
12.349000 13.061000 26.615000
10.788000 16.315000 27.679000
7.431000 16.985000 26.041000
7.075000 19.987000 23.750000
3.852000 21.344000 22.353000
4.199000 23.194000 19.064000
1.475000 25.612000 18.151000
1.208000 27.222000 14.768000
10000.000000 10000.000000 10000.000000
10000.000000 10000.000000 10000.000000
10000.000000 10000.000000 10000.000000
10000.000000 10000.000000 10000.000000
