Score: 139.930000 0.000000 22.698970
10000.000000 10000.000000 10000.000000
10000.000000 10000.000000 10000.000000
10000.000000 10000.000000 10000.000000
10000.000000 10000.000000 10000.000000
10000.000000 10000.000000 10000.000000
10000.000000 10000.000000 10000.000000
63.937000 8.889000 -1.772000
62.270000 6.447000 0.622000
59.202000 4.762000 -0.915000
57.118000 6.378000 1.857000
57.788000 9.802000 0.287000
56.270000 8.764000 -3.036000
54.010000 11.472000 -4.403000
55.250000 14.096000 -1.897000
55.253000 17.559000 -3.506000
56.512000 21.010000 -2.538000
53.178000 22.770000 -2.381000
53.626000 26.183000 -0.874000
55.716000 28.983000 0.530000
53.943000 31.068000 3.198000
54.686000 34.786000 3.631000
52.885000 37.219000 5.953000
51.484000 40.324000 4.231000
50.566000 43.600000 5.912000
47.919000 44.659000 3.392000
46.184000 42.044000 1.237000
44.724000 44.688000 -1.107000
48.232000 45.786000 -2.098000
49.625000 42.237000 -2.244000
46.759000 40.859000 -4.339000
47.169000 43.687000 -6.834000
50.910000 43.064000 -7.044000
50.878000 39.278000 -7.447000
47.994000 39.245000 -9.948000
48.371000 42.465000 -11.975000
52.141000 42.813000 -11.866000
53.261000 39.178000 -11.727000
50.350000 37.446000 -13.443000
49.535000 34.935000 -10.708000
45.952000 33.825000 -10.017000
44.129000 33.933000 -6.673000
43.101000 30.269000 -6.459000
41.702000 30.127000 -2.932000
40.796000 32.490000 -0.080000
40.227000 31.199000 3.458000
38.995000 33.245000 6.394000
42.904000 35.173000 6.179000
44.894000 33.097000 3.733000
45.296000 33.959000 0.064000
46.708000 31.252000 -2.218000
48.346000 32.598000 -5.385000
49.668000 30.405000 -8.202000
47.426000 20.062000 -4.340000
48.861000 22.530000 -6.860000
52.677000 22.681000 -6.838000
54.482000 25.988000 -6.289000
51.805000 28.067000 -4.637000
52.269000 31.153000 -2.489000
50.262000 31.244000 0.750000
49.869000 34.889000 1.844000
48.780000 35.231000 5.454000
46.927000 38.379000 6.468000
46.694000 38.952000 10.214000
43.683000 41.241000 10.527000
68.573000 36.760000 8.256000
67.045000 33.458000 7.203000
64.602000 33.266000 4.314000
66.031000 35.261000 1.377000
63.607000 35.382000 -1.540000
61.180000 33.623000 -3.847000
62.095000 33.462000 -7.518000
60.122000 33.542000 -10.735000
61.506000 32.035000 -13.957000
60.690000 34.149000 -17.016000
61.439000 33.880000 -20.728000
63.303000 37.200000 -20.839000
64.552000 39.055000 -17.772000
65.066000 42.312000 -19.690000
61.597000 42.513000 -21.200000
59.961000 41.458000 -17.924000
61.835000 44.148000 -16.010000
57.423000 46.190000 -17.993000
57.993000 46.167000 -14.226000
59.749000 49.551000 -14.541000
56.783000 50.937000 -16.503000
54.478000 49.716000 -13.723000
76.035000 44.906000 -10.189000
77.975000 41.745000 -10.928000
75.480000 39.258000 -12.367000
74.219000 40.652000 -15.655000
70.766000 39.472000 -16.695000
69.403000 38.711000 -13.242000
67.013000 40.941000 -11.318000
65.517000 41.248000 -7.855000
62.254000 43.161000 -7.334000
60.250000 43.779000 -4.146000
56.598000 43.095000 -3.354000
54.485000 45.502000 -1.257000
55.941000 44.137000 2.002000
59.536000 44.372000 0.716000
60.011000 40.636000 0.211000
62.595000 40.050000 -2.497000
61.574000 38.270000 -5.689000
64.294000 37.035000 -8.049000
63.495000 37.382000 -11.769000
65.585000 34.821000 -13.659000
65.941000 33.231000 -17.084000
66.849000 29.541000 -16.662000
68.685000 29.541000 -19.994000
71.023000 32.370000 -18.950000
71.922000 31.247000 -15.422000
