Score: 156.030000 0.000000 25.853872
10000.000000 10000.000000 10000.000000
10000.000000 10000.000000 10000.000000
10000.000000 10000.000000 10000.000000
10000.000000 10000.000000 10000.000000
10000.000000 10000.000000 10000.000000
10000.000000 10000.000000 10000.000000
10000.000000 10000.000000 10000.000000
10000.000000 10000.000000 10000.000000
-24.362000 13.980000 -17.838000
-22.244000 13.425000 -14.743000
-19.155000 11.553000 -15.961000
-18.075000 8.692000 -13.685000
-15.442000 5.942000 -13.311000
-16.165000 2.715000 -11.413000
-12.658000 1.324000 -11.001000
-9.197000 0.757000 -12.443000
-9.063000 -2.255000 -14.764000
-5.338000 -2.317000 -15.363000
-2.192000 -0.282000 -15.771000
0.990000 -0.634000 -17.808000
4.465000 -0.991000 -16.311000
7.452000 -0.499000 -18.593000
10.223000 -2.790000 -17.412000
13.800000 -3.567000 -18.393000
13.115000 -7.275000 -18.796000
9.702000 -8.926000 -19.016000
10.835000 -12.440000 -18.026000
12.584000 -11.092000 -14.911000
9.519000 -9.085000 -13.945000
7.087000 -11.965000 -14.499000
9.154000 -14.395000 -12.437000
9.287000 -11.805000 -9.650000
5.563000 -11.067000 -9.501000
4.612000 -14.741000 -9.794000
6.958000 -15.825000 -6.976000
6.705000 -12.817000 -4.657000
3.033000 -11.810000 -5.018000
1.427000 -14.984000 -6.395000
0.285000 -13.302000 -9.595000
-0.434000 -15.240000 -12.770000
1.479000 -14.366000 -15.920000
-0.698000 -14.651000 -19.029000
-0.391000 -14.033000 -22.779000
-2.868000 -11.744000 -24.510000
-3.272000 -9.608000 -27.603000
-0.393000 -9.575000 -30.058000
2.455000 -11.242000 -28.198000
1.735000 -9.359000 -24.982000
2.157000 -10.367000 -21.342000
0.112000 -9.426000 -18.270000
0.085000 -10.270000 -14.565000
-3.332000 -11.212000 -13.167000
-4.540000 -10.605000 -9.623000
-8.139000 -10.577000 -8.413000
-10.177000 -9.053000 -11.239000
-7.439000 -6.665000 -12.368000
-4.131000 -6.961000 -14.168000
-0.808000 -5.262000 -14.831000
0.183000 -5.101000 -18.506000
3.910000 -5.246000 -19.172000
5.954000 -3.492000 -21.836000
9.672000 -4.082000 -22.310000
11.721000 -0.875000 -22.428000
12.789000 -0.196000 -25.998000
11.257000 2.006000 -15.645000
10.855000 2.119000 -11.860000
8.421000 5.063000 -11.961000
5.416000 3.322000 -10.398000
4.233000 3.469000 -6.806000
1.523000 0.927000 -6.065000
-0.532000 -0.232000 -3.097000
-2.078000 -3.713000 -3.152000
-4.461000 -5.267000 -0.658000
-3.933000 -8.847000 0.467000
-6.481000 -10.970000 2.345000
-2.515000 -12.170000 7.303000
-0.007000 -9.352000 6.819000
2.663000 -10.866000 9.078000
2.441000 -14.123000 7.128000
2.636000 -12.215000 3.843000
5.704000 -10.303000 5.008000
7.458000 -13.466000 6.164000
8.092000 -12.101000 0.843000
11.204000 -12.108000 3.033000
11.747000 -15.812000 2.325000
11.871000 -14.980000 -1.391000
14.980000 -12.981000 -0.546000
-3.919000 5.297000 4.729000
-5.946000 3.348000 2.186000
-4.412000 0.137000 6.514000
-1.334000 -1.703000 7.765000
1.489000 -1.888000 5.191000
4.926000 -3.165000 4.352000
7.098000 -1.942000 1.473000
9.653000 -3.282000 -0.981000
10.917000 -2.632000 -4.491000
10.449000 -4.713000 -7.612000
13.266000 -5.524000 -10.076000
12.949000 -2.093000 -11.744000
12.671000 -0.095000 -8.526000
8.918000 0.390000 -8.568000
7.635000 0.886000 -5.031000
5.331000 -1.924000 -3.934000
3.177000 -1.496000 -0.821000
1.348000 -4.619000 0.374000
-1.411000 -3.851000 2.826000
-4.498000 -4.970000 4.685000
-7.573000 -3.341000 6.192000
-7.567000 -6.088000 8.823000
-7.018000 -4.698000 12.285000
10000.000000 10000.000000 10000.000000
