Score: 139.120000 0.000000 22.537602
10000.000000 10000.000000 10000.000000
10000.000000 10000.000000 10000.000000
10000.000000 10000.000000 10000.000000
10000.000000 10000.000000 10000.000000
10000.000000 10000.000000 10000.000000
17.875000 42.321000 61.562000
16.954000 41.757000 57.897000
14.551000 44.118000 56.181000
11.351000 42.203000 55.220000
12.062000 43.032000 51.565000
15.127000 40.729000 51.624000
13.360000 37.726000 53.072000
13.665000 35.675000 49.912000
17.202000 36.634000 48.965000
19.687000 33.782000 48.614000
23.479000 33.577000 48.108000
23.467000 31.944000 44.713000
26.960000 32.023000 43.295000
30.665000 32.711000 43.727000
32.401000 33.509000 40.408000
35.999000 32.591000 39.555000
37.745000 33.055000 36.230000
39.315000 29.831000 34.909000
42.036000 29.423000 32.300000
41.071000 25.966000 31.031000
37.587000 24.449000 31.434000
38.848000 20.998000 30.504000
41.059000 20.939000 33.621000
38.575000 22.763000 35.838000
35.587000 20.579000 34.940000
37.610000 17.438000 35.537000
38.800000 18.749000 38.907000
35.475000 19.964000 40.283000
33.488000 16.956000 39.098000
35.947000 14.068000 39.428000
37.982000 15.198000 42.414000
35.430000 17.249000 44.360000
32.206000 15.601000 43.268000
30.290000 18.649000 42.069000
27.910000 18.469000 39.114000
27.919000 20.681000 36.054000
24.453000 22.243000 36.099000
24.713000 24.275000 32.931000
27.104000 25.576000 30.295000
26.180000 29.008000 28.904000
27.959000 30.381000 25.846000
31.310000 30.869000 28.543000
29.990000 30.307000 32.056000
30.073000 26.903000 33.733000
27.833000 26.501000 36.770000
28.876000 23.755000 39.205000
27.142000 22.766000 42.419000
26.499000 19.839000 44.748000
23.233000 18.738000 43.148000
22.036000 27.990000 46.526000
25.795000 27.669000 46.713000
26.850000 27.397000 43.080000
30.248000 28.138000 41.577000
30.249000 30.192000 38.391000
33.389000 29.444000 36.434000
33.997000 32.061000 33.765000
35.950000 31.051000 30.694000
37.210000 33.882000 28.485000
37.821000 32.086000 25.160000
45.346000 40.246000 48.109000
41.576000 40.172000 48.320000
39.544000 37.018000 47.830000
40.883000 34.116000 49.840000
39.245000 30.779000 49.189000
36.093000 28.736000 48.832000
35.519000 25.954000 51.357000
33.887000 22.536000 51.335000
32.517000 20.826000 54.402000
33.247000 17.091000 54.488000
32.544000 14.403000 57.034000
36.198000 13.421000 57.435000
39.047000 15.723000 56.409000
41.568000 12.937000 56.819000
39.955000 10.359000 54.577000
39.052000 13.092000 52.083000
42.678000 14.282000 51.911000
44.055000 10.752000 51.728000
43.076000 13.769000 47.202000
46.716000 12.679000 47.729000
46.114000 9.462000 45.828000
44.617000 11.524000 42.974000
51.265000 23.778000 60.250000
48.617000 25.693000 62.082000
45.017000 24.614000 62.600000
45.568000 20.851000 62.551000
42.488000 19.004000 61.305000
41.845000 21.660000 58.651000
43.298000 21.446000 55.123000
43.663000 23.602000 51.999000
44.093000 22.329000 48.441000
44.170000 24.165000 45.142000
42.296000 23.874000 41.861000
43.899000 24.012000 38.382000
44.069000 27.817000 38.461000
45.562000 27.844000 41.928000
42.451000 29.033000 43.773000
42.572000 27.809000 47.354000
39.875000 25.474000 48.645000
39.430000 24.829000 52.345000
38.457000 21.253000 53.383000
36.818000 21.218000 56.813000
34.786000 18.958000 59.116000
32.123000 21.169000 60.773000
31.960000 19.040000 63.896000
35.638000 19.409000 64.696000
36.201000 23.088000 64.114000
