Score: 119.900000 0.000000 18.744727
10000.000000 10000.000000 10000.000000
10000.000000 10000.000000 10000.000000
10000.000000 10000.000000 10000.000000
10000.000000 10000.000000 10000.000000
10000.000000 10000.000000 10000.000000
10000.000000 10000.000000 10000.000000
8.349000 -62.375000 20.536000
11.837000 -61.026000 19.646000
11.770000 -57.350000 18.530000
12.053000 -56.487000 14.848000
15.299000 -54.881000 13.690000
14.865000 -51.155000 13.019000
15.094000 -51.071000 9.199000
16.135000 -47.750000 7.612000
15.550000 -48.351000 3.927000
16.337000 -50.516000 0.964000
20.110000 -50.182000 0.372000
21.361000 -52.416000 -2.472000
20.697000 -55.547000 -4.526000
23.164000 -58.202000 -5.580000
22.230000 -59.549000 -9.005000
23.934000 -62.506000 -10.615000
24.595000 -61.770000 -14.315000
25.925000 -64.118000 -17.035000
28.132000 -61.762000 -19.035000
29.760000 -59.132000 -16.834000
30.980000 -56.981000 -19.782000
27.513000 -56.827000 -21.359000
25.940000 -55.961000 -18.007000
28.569000 -53.244000 -17.534000
27.661000 -51.721000 -20.909000
24.006000 -51.566000 -19.810000
24.375000 -50.281000 -16.259000
27.363000 -47.988000 -16.761000
27.341000 -46.935000 -20.425000
23.618000 -46.835000 -21.102000
22.322000 -45.992000 -17.643000
25.313000 -44.029000 -16.283000
25.551000 -45.586000 -12.796000
28.872000 -44.877000 -11.023000
31.506000 -47.532000 -10.394000
32.612000 -47.815000 -6.768000
34.732000 -50.883000 -7.465000
35.215000 -53.520000 -10.135000
37.243000 -56.592000 -10.983000
36.709000 -59.518000 -13.401000
34.062000 -61.125000 -11.124000
31.991000 -58.181000 -9.869000
31.025000 -54.573000 -10.531000
29.884000 -52.388000 -7.650000
27.634000 -49.460000 -8.651000
26.069000 -46.474000 -6.897000
23.575000 -43.759000 -7.704000
24.406000 -40.038000 -7.983000
23.461000 -39.083000 -4.419000
24.559000 -42.213000 -2.548000
23.349000 -49.656000 -4.481000
23.897000 -52.503000 -6.924000
26.436000 -55.344000 -7.129000
26.657000 -57.274000 -10.377000
28.172000 -60.717000 -9.742000
29.272000 -63.035000 -12.564000
27.551000 -66.432000 -12.372000
26.047000 -69.334000 -14.349000
21.009000 -64.910000 -13.733000
19.112000 -64.382000 -10.482000
18.719000 -62.252000 -7.400000
21.415000 -63.199000 -4.894000
20.409000 -60.735000 -2.136000
18.091000 -57.789000 -1.493000
19.710000 -55.715000 1.233000
18.189000 -53.346000 3.778000
20.268000 -51.077000 5.996000
19.396000 -51.139000 9.725000
19.747000 -48.320000 12.228000
22.513000 -49.631000 14.544000
25.010000 -52.507000 14.746000
22.744000 -54.036000 17.463000
19.941000 -54.247000 14.873000
21.910000 -56.917000 13.030000
21.767000 -59.003000 16.261000
18.031000 -58.261000 16.474000
17.523000 -59.429000 12.866000
19.360000 -62.683000 13.561000
17.248000 -63.396000 16.699000
14.071000 -62.428000 14.824000
32.958000 -55.581000 -0.634000
32.053000 -52.369000 1.184000
29.664000 -54.001000 3.647000
30.694000 -54.979000 7.197000
28.883000 -57.173000 9.702000
25.919000 -58.646000 7.807000
23.120000 -61.181000 8.186000
21.617000 -62.949000 5.171000
18.452000 -65.009000 5.522000
16.141000 -67.218000 3.463000
13.001000 -65.396000 4.467000
9.491000 -66.918000 5.007000
8.580000 -66.063000 1.369000
11.747000 -67.640000 0.002000
13.660000 -64.402000 -0.562000
17.303000 -63.766000 0.178000
17.218000 -60.720000 2.466000
20.352000 -59.043000 3.873000
20.507000 -56.806000 6.948000
23.573000 -54.690000 7.741000
24.686000 -51.487000 9.391000
28.436000 -51.263000 8.624000
29.292000 -49.936000 5.187000
10000.000000 10000.000000 10000.000000
10000.000000 10000.000000 10000.000000
