Score: 50.400000 0.000000 6.698970
10000.000000 10000.000000 10000.000000
10000.000000 10000.000000 10000.000000
10000.000000 10000.000000 10000.000000
10000.000000 10000.000000 10000.000000
10000.000000 10000.000000 10000.000000
10000.000000 10000.000000 10000.000000
10000.000000 10000.000000 10000.000000
10000.000000 10000.000000 10000.000000
10000.000000 10000.000000 10000.000000
10000.000000 10000.000000 10000.000000
35.661000 21.640000 50.290000
33.150000 20.408000 47.664000
31.015000 23.552000 47.818000
33.651000 26.242000 48.125000
33.432000 27.639000 44.553000
30.498000 29.211000 42.685000
30.255000 28.204000 39.002000
27.495000 30.739000 38.350000
24.353000 32.380000 39.634000
21.207000 32.103000 37.401000
18.598000 34.869000 36.946000
15.177000 34.910000 35.242000
14.563000 38.098000 33.221000
11.614000 39.277000 31.114000
13.061000 41.230000 28.207000
16.071000 40.677000 25.975000
17.022000 44.293000 25.140000
16.539000 45.357000 28.804000
18.878000 42.525000 29.877000
21.651000 43.508000 27.416000
21.320000 47.219000 28.286000
21.582000 46.543000 32.027000
23.909000 43.568000 32.524000
26.166000 43.881000 29.503000
26.242000 47.602000 28.701000
26.030000 49.090000 32.190000
27.349000 46.464000 34.597000
30.008000 45.513000 32.032000
29.462000 41.784000 31.840000
30.683000 40.297000 28.578000
28.726000 37.744000 26.573000
30.123000 34.219000 26.944000
27.330000 32.468000 25.057000
23.796000 33.160000 23.782000
21.389000 30.446000 22.640000
10.823000 28.801000 25.059000
13.456000 31.242000 26.133000
16.859000 32.687000 25.491000
19.795000 31.489000 27.624000
22.446000 34.203000 27.942000
27.742000 36.358000 30.903000
31.204000 36.647000 32.356000
32.924000 39.318000 34.389000
36.339000 38.362000 35.718000
35.948000 34.838000 37.090000
32.300000 35.421000 37.872000
29.590000 33.867000 35.665000
25.977000 34.926000 35.368000
23.379000 32.795000 33.563000
20.259000 34.643000 32.458000
17.105000 32.932000 31.215000
14.955000 35.425000 29.296000
11.221000 34.810000 28.776000
7.914000 36.635000 28.941000
6.488000 33.596000 30.772000
7.905000 34.450000 34.193000
5.530000 36.324000 36.545000
6.702000 39.128000 38.846000
19.517000 38.946000 46.374000
23.041000 39.062000 45.019000
25.619000 41.329000 46.669000
28.736000 42.855000 45.137000
31.837000 43.736000 47.184000
33.049000 47.283000 46.446000
36.117000 49.195000 47.548000
34.579000 52.651000 47.750000
30.805000 52.637000 47.529000
30.239000 56.323000 46.639000
31.993000 55.991000 43.273000
30.015000 52.878000 42.350000
26.759000 54.645000 43.280000
27.807000 57.655000 41.186000
28.603000 55.349000 38.237000
25.197000 53.653000 38.471000
23.306000 56.937000 38.886000
25.061000 58.348000 35.833000
23.780000 55.309000 33.865000
29.205000 44.908000 60.799000
29.185000 48.724000 60.472000
30.185000 48.672000 56.762000
28.497000 50.793000 54.090000
25.874000 49.218000 51.840000
22.973000 50.035000 49.561000
20.748000 48.393000 46.907000
19.924000 48.965000 43.286000
17.532000 46.851000 41.187000
17.617000 45.091000 37.866000
14.999000 45.840000 35.170000
12.669000 43.203000 36.719000
13.185000 44.471000 40.272000
15.832000 41.969000 41.412000
17.622000 43.508000 44.420000
21.355000 43.855000 43.869000
23.421000 44.947000 46.840000
26.643000 46.969000 47.050000
28.640000 46.242000 50.186000
32.036000 47.490000 51.377000
10000.000000 10000.000000 10000.000000
10000.000000 10000.000000 10000.000000
10000.000000 10000.000000 10000.000000
10000.000000 10000.000000 10000.000000
