Score: 154.450000 0.000000 25.552842
10000.000000 10000.000000 10000.000000
10000.000000 10000.000000 10000.000000
10000.000000 10000.000000 10000.000000
10000.000000 10000.000000 10000.000000
10000.000000 10000.000000 10000.000000
10000.000000 10000.000000 10000.000000
10000.000000 10000.000000 10000.000000
10000.000000 10000.000000 10000.000000
10000.000000 10000.000000 10000.000000
10000.000000 10000.000000 10000.000000
10000.000000 10000.000000 10000.000000
23.032000 46.523000 48.030000
22.649000 44.577000 44.768000
25.854000 43.191000 43.283000
24.902000 41.498000 40.020000
22.374000 39.443000 38.083000
22.655000 35.753000 39.030000
20.199000 34.286000 36.567000
16.938000 34.824000 34.750000
14.169000 32.684000 33.328000
13.295000 32.387000 29.661000
9.898000 30.930000 28.787000
10.181000 28.991000 25.537000
8.020000 26.934000 23.183000
10.491000 24.041000 22.995000
13.327000 23.559000 25.474000
15.171000 21.092000 23.203000
15.296000 23.632000 20.376000
16.365000 26.421000 22.730000
19.133000 24.297000 24.221000
20.527000 23.407000 20.801000
20.715000 27.086000 19.843000
22.436000 28.317000 23.007000
24.885000 25.423000 23.099000
25.824000 25.411000 19.397000
25.808000 29.160000 18.779000
26.590000 30.897000 22.089000
28.603000 28.020000 23.526000
26.539000 27.685000 26.704000
26.298000 24.376000 28.589000
22.955000 22.769000 29.435000
22.379000 21.112000 32.815000
19.505000 19.594000 34.768000
18.794000 20.798000 38.304000
16.001000 20.076000 40.780000
15.787000 16.619000 39.175000
14.070000 17.645000 35.929000
14.593000 21.358000 35.242000
16.858000 22.765000 32.534000
19.362000 25.605000 32.684000
22.102000 27.000000 30.474000
25.364000 27.710000 32.258000
27.757000 30.457000 31.124000
30.424000 32.365000 33.016000
29.289000 32.458000 36.641000
25.633000 32.950000 35.744000
22.842000 30.914000 34.186000
19.561000 31.050000 32.307000
16.813000 28.815000 33.653000
14.351000 27.525000 31.095000
10.578000 27.115000 31.420000
8.680000 25.426000 28.610000
5.176000 26.638000 27.836000
2.478000 24.513000 29.497000
4.909000 23.530000 32.253000
9.974000 38.855000 25.082000
13.635000 38.883000 26.142000
16.214000 41.447000 25.003000
19.607000 40.439000 26.433000
23.208000 41.514000 25.965000
26.105000 39.115000 26.506000
29.743000 40.181000 26.668000
32.228000 38.123000 24.694000
36.021000 38.005000 25.004000
36.240000 36.785000 21.408000
37.135000 39.488000 18.842000
33.754000 40.808000 17.683000
34.613000 40.404000 13.985000
35.467000 36.748000 14.586000
32.077000 36.421000 16.285000
30.382000 37.988000 13.257000
32.059000 35.385000 11.054000
31.102000 32.588000 13.457000
27.439000 33.640000 13.309000
27.310000 33.738000 9.509000
29.062000 30.378000 9.224000
26.424000 50.788000 21.549000
26.595000 51.897000 25.170000
27.543000 49.166000 27.609000
30.797000 48.208000 23.148000
30.592000 46.857000 19.589000
27.398000 44.832000 19.223000
26.019000 42.236000 16.847000
22.342000 41.240000 17.108000
20.705000 37.892000 16.377000
17.523000 36.155000 17.489000
17.022000 32.883000 19.292000
14.400000 30.265000 18.289000
11.600000 32.120000 20.072000
12.441000 35.567000 18.747000
14.286000 36.874000 21.796000
16.781000 39.559000 20.804000
20.345000 38.553000 21.623000
23.008000 41.256000 21.587000
26.549000 39.834000 21.602000
29.118000 42.503000 22.426000
32.802000 43.173000 23.043000
34.029000 46.154000 25.050000
10000.000000 10000.000000 10000.000000
10000.000000 10000.000000 10000.000000
10000.000000 10000.000000 10000.000000
