Score: 119.560000 0.000000 18.677781
10000.000000 10000.000000 10000.000000
10000.000000 10000.000000 10000.000000
10000.000000 10000.000000 10000.000000
10000.000000 10000.000000 10000.000000
10000.000000 10000.000000 10000.000000
10000.000000 10000.000000 10000.000000
144.021000 -11.049000 -48.050000
140.896000 -8.937000 -48.557000
140.492000 -6.285000 -45.807000
138.006000 -6.864000 -43.000000
134.881000 -4.698000 -42.971000
135.068000 -2.029000 -40.183000
132.478000 -3.329000 -37.684000
130.958000 -0.731000 -35.301000
128.883000 -2.898000 -32.948000
126.255000 -5.601000 -32.600000
123.049000 -3.915000 -33.779000
120.093000 -6.239000 -33.807000
118.958000 -9.886000 -33.802000
116.143000 -11.380000 -35.919000
114.556000 -14.248000 -33.979000
112.004000 -16.643000 -35.430000
109.127000 -17.142000 -32.978000
106.200000 -19.556000 -33.185000
103.262000 -17.496000 -31.770000
103.753000 -13.844000 -32.485000
101.116000 -12.567000 -30.051000
102.548000 -14.560000 -27.094000
106.055000 -13.271000 -28.037000
104.696000 -9.703000 -28.188000
103.212000 -10.122000 -24.698000
106.650000 -11.038000 -23.381000
108.798000 -8.413000 -25.172000
106.394000 -5.481000 -25.072000
104.038000 -6.034000 -22.163000
106.433000 -7.706000 -19.732000
109.757000 -6.251000 -20.827000
108.682000 -2.886000 -22.186000
110.605000 -2.740000 -25.451000
109.329000 -0.112000 -27.914000
107.551000 -0.980000 -31.152000
109.051000 0.740000 -34.155000
106.781000 -1.204000 -36.633000
104.638000 -4.326000 -36.572000
102.224000 -6.323000 -38.666000
100.730000 -9.815000 -38.465000
104.042000 -11.398000 -39.518000
106.729000 -9.441000 -37.607000
107.331000 -7.114000 -34.681000
110.259000 -4.582000 -34.862000
111.430000 -3.499000 -31.382000
114.013000 -1.037000 -30.062000
115.506000 -0.107000 -26.678000
115.127000 3.204000 -24.876000
118.297000 4.867000 -26.231000
118.371000 3.461000 -29.722000
117.424000 -3.911000 -32.018000
115.185000 -7.005000 -32.267000
112.957000 -8.336000 -35.079000
110.498000 -11.124000 -34.079000
109.502000 -13.082000 -37.243000
106.732000 -15.658000 -37.167000
107.962000 -19.005000 -38.497000
110.764000 -23.476000 -35.840000
111.987000 -21.042000 -33.161000
115.598000 -20.078000 -33.917000
118.045000 -17.296000 -34.502000
117.646000 -16.112000 -38.132000
120.368000 -13.467000 -38.088000
122.775000 -11.710000 -35.719000
123.510000 -8.330000 -37.257000
126.453000 -6.014000 -36.969000
126.449000 -2.488000 -38.231000
129.564000 -1.455000 -40.226000
131.038000 1.984000 -40.534000
130.354000 2.893000 -44.190000
128.319000 1.626000 -47.110000
131.621000 0.435000 -48.700000
132.136000 -1.879000 -45.701000
129.268000 -4.065000 -46.865000
131.200000 -4.664000 -50.115000
134.273000 -5.397000 -47.973000
132.344000 -7.906000 -45.883000
131.165000 -9.594000 -49.078000
134.689000 -9.944000 -50.503000
135.953000 -11.090000 -47.132000
133.491000 -13.912000 -46.653000
114.315000 -0.442000 -41.768000
117.589000 -1.886000 -43.038000
118.980000 -0.987000 -46.488000
121.878000 -2.668000 -48.382000
122.806000 -5.761000 -46.372000
124.902000 -8.893000 -46.606000
123.989000 -12.105000 -44.855000
126.465000 -14.999000 -44.601000
126.725000 -18.518000 -43.193000
129.961000 -17.804000 -41.304000
132.748000 -20.359000 -40.733000
131.253000 -21.402000 -37.437000
127.801000 -21.916000 -38.926000
126.240000 -18.636000 -37.754000
124.021000 -16.344000 -39.811000
125.785000 -12.990000 -39.538000
124.456000 -9.869000 -41.222000
126.493000 -6.804000 -42.052000
124.737000 -3.515000 -43.011000
125.298000 0.280000 -42.866000
122.007000 1.776000 -44.114000
119.119000 1.940000 -41.668000
116.028000 4.098000 -41.057000
10000.000000 10000.000000 10000.000000
