Score: 150.530000 0.000000 24.795880
10000.000000 10000.000000 10000.000000
10000.000000 10000.000000 10000.000000
10000.000000 10000.000000 10000.000000
10000.000000 10000.000000 10000.000000
10000.000000 10000.000000 10000.000000
10000.000000 10000.000000 10000.000000
10000.000000 10000.000000 10000.000000
10000.000000 10000.000000 10000.000000
10000.000000 10000.000000 10000.000000
11.482000 2.235000 2.368000
12.047000 0.239000 -0.782000
10.021000 -1.079000 -3.716000
8.043000 -4.112000 -2.438000
7.851000 -5.468000 -5.991000
11.607000 -5.902000 -6.481000
13.942000 -8.305000 -4.639000
17.521000 -7.946000 -3.430000
19.497000 -10.943000 -4.573000
22.687000 -12.323000 -3.075000
24.903000 -15.243000 -4.037000
26.992000 -17.024000 -1.463000
29.021000 -20.260000 -1.388000
27.710000 -23.480000 0.124000
29.998000 -26.473000 0.561000
26.991000 -28.857000 0.541000
23.503000 -28.008000 -0.700000
21.627000 -30.449000 1.574000
23.467000 -28.975000 4.543000
22.525000 -25.463000 3.329000
18.895000 -26.539000 3.025000
18.882000 -27.790000 6.624000
20.271000 -24.478000 7.890000
18.233000 -22.019000 5.790000
14.958000 -23.922000 5.413000
14.643000 -26.462000 8.227000
16.174000 -24.286000 10.996000
15.947000 -20.636000 9.830000
12.499000 -20.986000 8.311000
13.268000 -19.578000 4.835000
11.249000 -20.963000 1.974000
12.823000 -23.218000 -0.635000
12.146000 -21.868000 -4.133000
14.216000 -23.555000 -6.857000
16.727000 -26.348000 -6.708000
19.394000 -27.334000 -9.200000
22.400000 -29.683000 -9.048000
24.719000 -26.709000 -8.522000
22.563000 -24.322000 -6.415000
19.464000 -23.789000 -4.259000
17.445000 -20.618000 -4.296000
15.579000 -19.298000 -1.264000
12.953000 -16.839000 -0.280000
15.076000 -15.221000 2.410000
12.692000 -12.859000 4.285000
11.212000 -11.741000 0.958000
14.568000 -11.230000 -0.808000
16.417000 -13.914000 -2.787000
19.370000 -15.855000 -1.377000
21.175000 -18.272000 -3.702000
23.527000 -20.863000 -2.288000
26.027000 -22.013000 -4.911000
27.796000 -25.335000 -4.608000
31.351000 -24.229000 -4.084000
34.722000 -24.975000 -2.551000
33.111000 -10.138000 11.156000
34.419000 -7.895000 8.352000
34.304000 -7.290000 5.407000
31.499000 -9.711000 4.387000
28.134000 -10.426000 5.941000
24.475000 -10.008000 5.039000
20.983000 -10.056000 6.430000
17.853000 -8.106000 7.297000
17.244000 -4.872000 9.173000
13.793000 -4.993000 10.691000
11.640000 -1.888000 11.214000
9.493000 -3.740000 13.806000
11.388000 -4.893000 16.867000
8.951000 -7.804000 17.283000
10.250000 -9.327000 14.049000
13.833000 -8.990000 15.269000
12.951000 -10.492000 18.688000
11.000000 -13.358000 17.090000
13.989000 -14.261000 14.930000
16.341000 -14.256000 17.872000
13.975000 -16.559000 19.752000
13.646000 -18.868000 16.769000
27.501000 2.332000 17.569000
26.473000 2.634000 21.228000
22.845000 2.789000 17.589000
21.415000 -0.587000 16.645000
20.833000 -3.931000 18.231000
22.480000 -6.851000 16.436000
23.116000 -10.578000 16.378000
25.158000 -12.675000 13.971000
24.247000 -16.219000 12.923000
26.723000 -18.372000 10.954000
25.940000 -20.903000 8.310000
27.773000 -24.211000 7.830000
30.016000 -22.705000 5.160000
30.998000 -19.808000 7.476000
28.841000 -17.181000 5.867000
27.861000 -14.560000 8.453000
24.246000 -13.404000 8.784000
23.675000 -10.180000 10.688000
20.242000 -9.061000 11.801000
19.750000 -5.474000 12.937000
17.256000 -3.196000 14.642000
17.853000 0.584000 14.663000
16.418000 2.701000 17.493000
15.892000 5.552000 15.005000
10000.000000 10000.000000 10000.000000
