Score: 143.480000 0.000000 23.397940
10000.000000 10000.000000 10000.000000
10000.000000 10000.000000 10000.000000
10000.000000 10000.000000 10000.000000
10000.000000 10000.000000 10000.000000
10000.000000 10000.000000 10000.000000
10000.000000 10000.000000 10000.000000
10000.000000 10000.000000 10000.000000
10000.000000 10000.000000 10000.000000
10000.000000 10000.000000 10000.000000
10000.000000 10000.000000 10000.000000
10000.000000 10000.000000 10000.000000
10000.000000 10000.000000 10000.000000
62.779000 -2.228000 30.513000
61.951000 0.799000 28.360000
58.251000 0.249000 28.843000
55.330000 -1.746000 27.496000
55.650000 -3.054000 23.954000
52.246000 -4.628000 23.385000
49.684000 -7.186000 24.516000
48.675000 -10.110000 22.331000
45.359000 -11.921000 22.758000
44.181000 -15.115000 21.056000
40.614000 -15.393000 19.775000
38.528000 -17.877000 17.804000
36.848000 -15.191000 15.683000
38.935000 -12.190000 14.624000
36.141000 -10.265000 12.890000
33.789000 -10.585000 15.809000
36.495000 -9.580000 18.323000
37.412000 -6.596000 16.155000
33.883000 -5.203000 16.342000
33.978000 -5.662000 20.118000
37.198000 -3.640000 20.442000
36.166000 -0.912000 18.003000
32.782000 -0.456000 19.686000
33.759000 -0.552000 23.359000
37.351000 0.658000 23.346000
37.168000 2.855000 20.257000
40.059000 0.699000 19.081000
41.998000 2.156000 16.167000
42.941000 -0.544000 13.661000
46.424000 0.154000 12.317000
47.258000 -3.238000 10.839000
45.627000 -6.256000 9.223000
47.457000 -9.307000 7.922000
44.902000 -9.027000 5.136000
45.198000 -14.106000 10.745000
45.955000 -11.084000 12.910000
45.170000 -7.390000 13.399000
46.899000 -4.683000 15.429000
45.012000 -1.950000 17.225000
45.798000 1.190000 19.170000
43.708000 1.409000 22.326000
44.487000 4.491000 24.406000
48.174000 4.514000 23.505000
48.559000 0.774000 23.973000
49.553000 -1.485000 21.090000
46.991000 -4.320000 21.213000
47.430000 -7.297000 18.866000
44.764000 -9.880000 18.113000
45.496000 -13.259000 16.546000
42.920000 -15.785000 15.425000
43.482000 -19.097000 17.162000
41.950000 -22.073000 18.944000
38.467000 -17.975000 33.002000
40.689000 -16.472000 35.693000
41.092000 -13.194000 37.550000
44.105000 -12.402000 35.382000
43.073000 -9.131000 33.757000
43.992000 -5.916000 31.969000
42.521000 -2.692000 33.328000
42.051000 0.540000 31.411000
41.594000 3.949000 32.982000
38.356000 5.954000 32.880000
36.745000 8.717000 34.924000
34.094000 7.925000 37.519000
31.076000 4.649000 34.698000
27.364000 4.783000 33.902000
27.940000 5.506000 30.213000
30.355000 2.611000 29.786000
28.039000 0.284000 31.722000
25.374000 1.301000 29.210000
28.561000 -2.644000 27.397000
25.000000 -3.559000 28.342000
23.858000 -2.470000 24.868000
26.328000 -4.892000 23.264000
38.483000 2.584000 50.853000
40.397000 4.231000 48.032000
39.823000 1.582000 45.406000
37.520000 3.502000 43.066000
34.635000 2.343000 40.850000
35.309000 -0.476000 38.378000
33.496000 -2.374000 35.609000
34.435000 -5.997000 34.855000
33.455000 -7.769000 31.658000
34.676000 -10.421000 29.230000
35.189000 -10.486000 25.492000
34.191000 -13.605000 23.555000
37.304000 -15.551000 24.459000
37.550000 -15.569000 28.240000
39.633000 -12.393000 28.405000
38.644000 -10.513000 31.557000
38.758000 -6.743000 30.978000
38.373000 -3.874000 33.442000
37.544000 -0.175000 33.270000
38.901000 1.446000 36.429000
37.916000 4.870000 37.778000
40.449000 4.964000 40.589000
44.148000 5.770000 40.921000
10000.000000 10000.000000 10000.000000
10000.000000 10000.000000 10000.000000
