Score: 13.670000 160.000000 -2.204120
10000.000000 10000.000000 10000.000000
10000.000000 10000.000000 10000.000000
10000.000000 10000.000000 10000.000000
10000.000000 10000.000000 10000.000000
10000.000000 10000.000000 10000.000000
10000.000000 10000.000000 10000.000000
10000.000000 10000.000000 10000.000000
10000.000000 10000.000000 10000.000000
10000.000000 10000.000000 10000.000000
10000.000000 10000.000000 10000.000000
10000.000000 10000.000000 10000.000000
10000.000000 10000.000000 10000.000000
10000.000000 10000.000000 10000.000000
10000.000000 10000.000000 10000.000000
10000.000000 10000.000000 10000.000000
10000.000000 10000.000000 10000.000000
10000.000000 10000.000000 10000.000000
10000.000000 10000.000000 10000.000000
10000.000000 10000.000000 10000.000000
10000.000000 10000.000000 10000.000000
10000.000000 10000.000000 10000.000000
28.331000 71.676000 68.422000
28.588000 75.403000 69.261000
29.373000 75.963000 65.546000
25.908000 74.680000 64.543000
24.088000 77.324000 66.551000
23.179000 79.534000 63.532000
21.702000 76.570000 61.652000
19.786000 75.443000 64.654000
18.389000 78.911000 65.182000
17.371000 78.909000 61.510000
15.557000 75.584000 61.929000
13.387000 76.937000 64.728000
12.560000 80.003000 62.751000
10.714000 78.006000 60.099000
7.722000 77.735000 62.418000
6.949000 74.189000 61.349000
6.184000 72.849000 64.821000
2.452000 72.102000 64.914000
1.831000 73.531000 68.387000
10000.000000 10000.000000 10000.000000
10000.000000 10000.000000 10000.000000
10000.000000 10000.000000 10000.000000
10000.000000 10000.000000 10000.000000
10000.000000 10000.000000 10000.000000
10000.000000 10000.000000 10000.000000
10000.000000 10000.000000 10000.000000
10000.000000 10000.000000 10000.000000
10000.000000 10000.000000 10000.000000
10000.000000 10000.000000 10000.000000
10000.000000 10000.000000 10000.000000
10000.000000 10000.000000 10000.000000
10000.000000 10000.000000 10000.000000
10000.000000 10000.000000 10000.000000
10000.000000 10000.000000 10000.000000
10000.000000 10000.000000 10000.000000
10000.000000 10000.000000 10000.000000
10000.000000 10000.000000 10000.000000
10000.000000 10000.000000 10000.000000
10000.000000 10000.000000 10000.000000
10000.000000 10000.000000 10000.000000
10000.000000 10000.000000 10000.000000
10000.000000 10000.000000 10000.000000
10000.000000 10000.000000 10000.000000
10000.000000 10000.000000 10000.000000
10000.000000 10000.000000 10000.000000
10000.000000 10000.000000 10000.000000
10000.000000 10000.000000 10000.000000
10000.000000 10000.000000 10000.000000
10000.000000 10000.000000 10000.000000
10000.000000 10000.000000 10000.000000
10000.000000 10000.000000 10000.000000
10000.000000 10000.000000 10000.000000
10000.000000 10000.000000 10000.000000
10000.000000 10000.000000 10000.000000
10000.000000 10000.000000 10000.000000
10000.000000 10000.000000 10000.000000
10000.000000 10000.000000 10000.000000
10000.000000 10000.000000 10000.000000
10000.000000 10000.000000 10000.000000
10000.000000 10000.000000 10000.000000
10000.000000 10000.000000 10000.000000
10000.000000 10000.000000 10000.000000
10000.000000 10000.000000 10000.000000
10000.000000 10000.000000 10000.000000
10000.000000 10000.000000 10000.000000
10000.000000 10000.000000 10000.000000
10000.000000 10000.000000 10000.000000
10000.000000 10000.000000 10000.000000
10000.000000 10000.000000 10000.000000
10000.000000 10000.000000 10000.000000
10000.000000 10000.000000 10000.000000
10000.000000 10000.000000 10000.000000
10000.000000 10000.000000 10000.000000
10000.000000 10000.000000 10000.000000
10000.000000 10000.000000 10000.000000
10000.000000 10000.000000 10000.000000
10000.000000 10000.000000 10000.000000
10000.000000 10000.000000 10000.000000
10000.000000 10000.000000 10000.000000
10000.000000 10000.000000 10000.000000
10000.000000 10000.000000 10000.000000
10000.000000 10000.000000 10000.000000
10000.000000 10000.000000 10000.000000
10000.000000 10000.000000 10000.000000
10000.000000 10000.000000 10000.000000
10000.000000 10000.000000 10000.000000
10000.000000 10000.000000 10000.000000
10000.000000 10000.000000 10000.000000
10000.000000 10000.000000 10000.000000
10000.000000 10000.000000 10000.000000
