Score: 157.290000 0.000000 26.119186
10000.000000 10000.000000 10000.000000
10000.000000 10000.000000 10000.000000
10000.000000 10000.000000 10000.000000
10000.000000 10000.000000 10000.000000
10000.000000 10000.000000 10000.000000
10000.000000 10000.000000 10000.000000
10000.000000 10000.000000 10000.000000
10000.000000 10000.000000 10000.000000
10000.000000 10000.000000 10000.000000
10000.000000 10000.000000 10000.000000
6.655000 51.622000 28.309000
6.377000 52.286000 24.536000
5.441000 55.728000 23.141000
1.826000 56.644000 23.881000
1.130000 58.476000 20.622000
2.500000 59.995000 17.456000
2.699000 63.764000 17.875000
4.007000 64.787000 14.441000
3.377000 63.580000 10.876000
5.517000 65.053000 8.052000
4.519000 65.592000 4.419000
6.364000 67.375000 1.635000
4.909000 69.845000 -0.870000
6.761000 71.891000 -3.451000
3.809000 74.328000 -3.604000
3.291000 75.239000 0.029000
0.547000 77.796000 -0.628000
-1.576000 75.314000 -2.534000
-1.073000 72.829000 0.271000
-1.683000 75.419000 2.982000
-5.039000 76.315000 1.399000
-6.044000 72.694000 0.800000
-5.756000 71.696000 4.445000
-6.914000 75.007000 5.837000
-10.132000 74.949000 3.821000
-11.014000 71.328000 2.979000
-10.279000 70.146000 6.506000
-10.482000 73.332000 8.555000
-7.183000 72.573000 10.302000
-5.831000 75.172000 12.731000
-2.506000 76.616000 11.547000
0.094000 77.017000 14.274000
3.361000 77.871000 12.580000
4.110000 79.276000 9.145000
7.429000 80.410000 7.640000
7.035000 81.503000 3.979000
9.745000 76.885000 4.149000
6.863000 75.316000 6.046000
3.267000 75.294000 7.305000
2.336000 73.432000 10.492000
-1.250000 72.539000 11.382000
-2.679000 71.090000 14.576000
-5.223000 68.245000 14.483000
-6.569000 67.217000 17.869000
-3.445000 66.331000 19.781000
-1.303000 65.790000 16.674000
0.592000 68.071000 14.279000
0.494000 67.863000 10.475000
3.826000 69.255000 9.262000
4.130000 70.359000 5.656000
7.621000 71.065000 4.353000
8.949000 72.238000 1.046000
11.313000 69.276000 0.531000
22.180000 75.766000 7.735000
10.446000 62.903000 -3.182000
7.271000 61.270000 -4.388000
3.746000 60.740000 -3.161000
3.274000 60.429000 0.576000
0.384000 59.019000 2.591000
-1.424000 59.656000 5.875000
-4.909000 59.119000 7.240000
-7.245000 61.294000 9.292000
-9.337000 59.535000 11.929000
-13.110000 59.225000 11.543000
-15.533000 58.153000 14.280000
-17.795000 56.020000 12.038000
-19.056000 55.390000 8.541000
-21.210000 58.514000 8.914000
-18.235000 60.810000 9.543000
-16.521000 59.109000 6.598000
-19.675000 59.712000 4.505000
-19.863000 63.353000 5.588000
-16.266000 63.873000 4.442000
-16.897000 62.089000 1.140000
-19.843000 64.450000 0.521000
-17.816000 67.515000 1.456000
-13.261000 42.964000 5.642000
-14.480000 43.929000 9.124000
-16.983000 46.269000 7.496000
-15.248000 49.602000 8.095000
-14.838000 52.365000 5.503000
-12.285000 54.766000 4.060000
-12.273000 57.566000 1.475000
-9.262000 58.620000 -0.605000
-8.198000 61.865000 -2.297000
-5.027000 63.724000 -3.291000
-3.700000 67.000000 -1.940000
-2.204000 69.475000 -4.459000
1.176000 67.704000 -4.247000
-0.235000 64.276000 -5.029000
-0.021000 62.869000 -1.522000
-2.582000 60.186000 -0.804000
-4.897000 61.643000 1.842000
-7.292000 59.239000 3.522000
-10.129000 59.463000 6.051000
-10.971000 56.266000 7.876000
-13.040000 55.281000 10.888000
-11.200000 53.926000 13.924000
-12.825000 50.574000 13.319000
10000.000000 10000.000000 10000.000000
10000.000000 10000.000000 10000.000000
