Score: 9.060000 780.000000 -2.892095
10000.000000 10000.000000 10000.000000
10000.000000 10000.000000 10000.000000
10000.000000 10000.000000 10000.000000
10000.000000 10000.000000 10000.000000
10000.000000 10000.000000 10000.000000
10000.000000 10000.000000 10000.000000
10000.000000 10000.000000 10000.000000
10000.000000 10000.000000 10000.000000
10000.000000 10000.000000 10000.000000
10000.000000 10000.000000 10000.000000
10000.000000 10000.000000 10000.000000
10000.000000 10000.000000 10000.000000
10000.000000 10000.000000 10000.000000
10000.000000 10000.000000 10000.000000
10000.000000 10000.000000 10000.000000
10000.000000 10000.000000 10000.000000
10000.000000 10000.000000 10000.000000
10000.000000 10000.000000 10000.000000
10000.000000 10000.000000 10000.000000
10000.000000 10000.000000 10000.000000
10000.000000 10000.000000 10000.000000
10000.000000 10000.000000 10000.000000
10000.000000 10000.000000 10000.000000
10000.000000 10000.000000 10000.000000
10000.000000 10000.000000 10000.000000
10000.000000 10000.000000 10000.000000
11.664000 19.577000 17.119000
10.892000 18.011000 20.502000
14.334000 16.387000 20.781000
16.029000 19.755000 20.689000
14.510000 20.391000 24.145000
16.816000 17.877000 25.794000
19.232000 20.410000 27.265000
16.302000 22.157000 28.975000
14.670000 19.006000 30.358000
17.814000 17.165000 31.492000
18.510000 19.406000 34.482000
14.951000 18.738000 35.656000
15.497000 14.940000 35.511000
18.780000 15.510000 37.371000
17.067000 17.422000 40.191000
14.377000 14.755000 40.465000
16.970000 11.983000 40.567000
18.914000 13.884000 43.240000
15.719000 14.241000 45.274000
15.058000 10.530000 44.898000
18.566000 9.743000 46.124000
18.000000 12.084000 49.056000
15.860000 3.966000 39.493000
14.220000 2.212000 36.553000
14.536000 4.659000 33.658000
12.385000 3.500000 30.752000
12.813000 -0.784000 20.072000
11.798000 1.603000 17.246000
13.498000 2.778000 14.047000
15.001000 5.996000 15.399000
16.199000 9.001000 13.457000
19.873000 9.658000 14.028000
19.061000 13.080000 15.509000
17.257000 11.133000 18.226000
19.428000 8.049000 18.864000
22.689000 9.950000 18.762000
21.468000 11.661000 21.941000
21.379000 8.654000 24.323000
25.070000 9.100000 25.163000
24.930000 12.771000 26.196000
21.571000 12.313000 28.006000
22.922000 9.593000 30.295000
26.366000 11.206000 30.642000
26.711000 10.681000 38.888000
27.444000 9.937000 42.532000
24.584000 12.219000 43.661000
21.854000 10.145000 41.955000
22.026000 3.779000 39.960000
20.077000 3.896000 36.688000
18.663000 0.819000 35.029000
17.983000 1.673000 31.393000
14.853000 -0.279000 30.540000
13.446000 -1.302000 27.179000
10.523000 -3.489000 26.285000
8.165000 -4.735000 23.530000
10.921000 -5.215000 20.993000
14.409000 -5.545000 19.600000
17.020000 -2.933000 20.427000
19.741000 -4.476000 18.293000
19.463000 -2.044000 15.442000
20.141000 0.723000 17.958000
22.974000 -1.036000 19.831000
25.666000 1.433000 18.727000
29.012000 3.309000 25.901000
24.337000 3.472000 33.412000
24.403000 0.742000 36.047000
22.566000 -1.806000 33.929000
19.894000 -2.617000 31.347000
16.616000 -4.426000 30.899000
15.605000 -6.256000 27.744000
12.468000 -8.023000 26.659000
13.265000 -11.690000 26.120000
9.657000 -12.694000 25.746000
12.752000 -11.107000 21.390000
14.672000 -13.879000 23.204000
17.151000 -14.042000 20.278000
18.607000 -10.557000 21.026000
20.244000 -11.944000 24.185000
27.937000 -8.148000 24.566000
27.695000 -4.407000 25.217000
27.866000 -4.819000 28.976000
31.037000 -3.374000 30.564000
32.246000 -2.333000 34.026000
30.013000 -4.646000 36.054000
26.729000 -3.450000 34.463000
10000.000000 10000.000000 10000.000000
23.751000 -5.643000 35.184000
21.353000 -7.409000 32.852000
17.697000 -7.595000 33.714000
16.230000 -10.503000 31.688000
12.520000 -10.009000 30.940000
11.077000 -13.563000 30.854000
7.617000 -13.240000 32.444000
5.265000 -11.662000 29.874000
1.210000 -8.337000 28.223000
-0.381000 -11.771000 28.302000
-2.267000 -14.035000 30.665000
-0.483000 -17.380000 30.236000
1.370000 -19.259000 32.881000
5.059000 -18.919000 31.971000
10000.000000 10000.000000 10000.000000
10000.000000 10000.000000 10000.000000
10000.000000 10000.000000 10000.000000
10000.000000 10000.000000 10000.000000
10000.000000 10000.000000 10000.000000
10000.000000 10000.000000 10000.000000
10000.000000 10000.000000 10000.000000
10000.000000 10000.000000 10000.000000
10000.000000 10000.000000 10000.000000
10000.000000 10000.000000 10000.000000
10000.000000 10000.000000 10000.000000
10000.000000 10000.000000 10000.000000
10000.000000 10000.000000 10000.000000
10000.000000 10000.000000 10000.000000
10000.000000 10000.000000 10000.000000
10000.000000 10000.000000 10000.000000
10000.000000 10000.000000 10000.000000
10000.000000 10000.000000 10000.000000
10000.000000 10000.000000 10000.000000
10000.000000 10000.000000 10000.000000
10000.000000 10000.000000 10000.000000
10000.000000 10000.000000 10000.000000
10000.000000 10000.000000 10000.000000
10000.000000 10000.000000 10000.000000
10000.000000 10000.000000 10000.000000
10000.000000 10000.000000 10000.000000
10000.000000 10000.000000 10000.000000
10000.000000 10000.000000 10000.000000
10000.000000 10000.000000 10000.000000
10000.000000 10000.000000 10000.000000
10000.000000 10000.000000 10000.000000
10000.000000 10000.000000 10000.000000
10000.000000 10000.000000 10000.000000
10000.000000 10000.000000 10000.000000
10000.000000 10000.000000 10000.000000
10000.000000 10000.000000 10000.000000
10000.000000 10000.000000 10000.000000
10000.000000 10000.000000 10000.000000
10000.000000 10000.000000 10000.000000
10000.000000 10000.000000 10000.000000
10000.000000 10000.000000 10000.000000
10000.000000 10000.000000 10000.000000
10000.000000 10000.000000 10000.000000
10000.000000 10000.000000 10000.000000
10000.000000 10000.000000 10000.000000
10000.000000 10000.000000 10000.000000
10000.000000 10000.000000 10000.000000
10000.000000 10000.000000 10000.000000
10000.000000 10000.000000 10000.000000
10000.000000 10000.000000 10000.000000
10000.000000 10000.000000 10000.000000
10000.000000 10000.000000 10000.000000
10000.000000 10000.000000 10000.000000
10000.000000 10000.000000 10000.000000
10000.000000 10000.000000 10000.000000
10000.000000 10000.000000 10000.000000
10000.000000 10000.000000 10000.000000
10000.000000 10000.000000 10000.000000
10000.000000 10000.000000 10000.000000
