Score: 10.320000 480.000000 -2.681241
10000.000000 10000.000000 10000.000000
10000.000000 10000.000000 10000.000000
10000.000000 10000.000000 10000.000000
10000.000000 10000.000000 10000.000000
10000.000000 10000.000000 10000.000000
10000.000000 10000.000000 10000.000000
10000.000000 10000.000000 10000.000000
10000.000000 10000.000000 10000.000000
10000.000000 10000.000000 10000.000000
10000.000000 10000.000000 10000.000000
10000.000000 10000.000000 10000.000000
10000.000000 10000.000000 10000.000000
10000.000000 10000.000000 10000.000000
10000.000000 10000.000000 10000.000000
10000.000000 10000.000000 10000.000000
10000.000000 10000.000000 10000.000000
10000.000000 10000.000000 10000.000000
10000.000000 10000.000000 10000.000000
10000.000000 10000.000000 10000.000000
10000.000000 10000.000000 10000.000000
10000.000000 10000.000000 10000.000000
10000.000000 10000.000000 10000.000000
10000.000000 10000.000000 10000.000000
10000.000000 10000.000000 10000.000000
10000.000000 10000.000000 10000.000000
10000.000000 10000.000000 10000.000000
10000.000000 10000.000000 10000.000000
10000.000000 10000.000000 10000.000000
10000.000000 10000.000000 10000.000000
10000.000000 10000.000000 10000.000000
10000.000000 10000.000000 10000.000000
-51.517000 -20.532000 58.289000
-52.214000 -19.214000 61.849000
-49.270000 -16.815000 61.639000
-49.822000 -15.496000 58.109000
-53.586000 -15.476000 58.565000
-53.641000 -13.388000 61.780000
-50.872000 -11.785000 63.858000
-49.848000 -13.310000 67.199000
-47.797000 -10.235000 68.223000
-44.561000 -11.110000 70.042000
-44.907000 -9.288000 73.347000
-41.839000 -10.473000 75.267000
-38.279000 -11.808000 74.854000
-37.007000 -15.216000 76.124000
-35.452000 -15.444000 79.611000
-31.954000 -16.185000 78.342000
-31.701000 -13.547000 75.594000
-28.461000 -11.545000 75.906000
-29.016000 -8.020000 71.539000
-29.284000 -4.484000 70.139000
-32.605000 -2.805000 70.957000
-33.923000 -0.574000 68.190000
-36.553000 1.958000 69.260000
-38.147000 3.852000 66.411000
-37.827000 2.327000 62.975000
-37.196000 4.514000 59.908000
-34.916000 4.642000 56.811000
-30.330000 0.732000 56.931000
-28.292000 0.367000 60.122000
-29.859000 -3.073000 60.431000
-29.284000 -4.368000 56.916000
-25.695000 -3.165000 57.289000
-24.797000 -4.586000 60.711000
-26.562000 -7.932000 60.337000
-23.493000 -8.695000 58.253000
-21.983000 -9.572000 61.630000
10000.000000 10000.000000 10000.000000
10000.000000 10000.000000 10000.000000
10000.000000 10000.000000 10000.000000
10000.000000 10000.000000 10000.000000
10000.000000 10000.000000 10000.000000
-25.262000 -11.269000 62.563000
10000.000000 10000.000000 10000.000000
-25.990000 -9.192000 65.658000
-29.403000 -9.833000 67.161000
-31.381000 -6.763000 66.134000
-34.715000 -6.379000 67.909000
-37.031000 -3.517000 66.958000
-39.892000 -2.329000 69.141000
-43.169000 -0.564000 68.318000
-46.422000 0.441000 70.015000
-48.004000 0.442000 66.569000
-45.424000 -4.627000 63.833000
-47.271000 -6.576000 61.134000
-45.175000 -5.162000 58.296000
-41.856000 -5.580000 60.077000
-42.662000 -9.157000 61.112000
-43.411000 -10.464000 57.611000
-40.260000 -8.795000 56.215000
-34.730000 -8.703000 62.765000
-37.274000 -9.895000 65.366000
-40.105000 -7.472000 66.189000
-41.725000 -6.766000 69.549000
-45.049000 -4.996000 70.063000
-45.382000 -2.734000 73.107000
-44.997000 0.642000 74.798000
-41.251000 1.441000 74.834000
-41.832000 3.560000 77.939000
-43.769000 0.952000 79.980000
-41.136000 -0.478000 82.336000
-42.774000 -3.927000 82.369000
-42.349000 -4.006000 78.606000
-38.662000 -3.135000 78.883000
-38.312000 -5.854000 81.543000
-39.525000 -8.492000 79.119000
-37.031000 -7.183000 76.569000
-34.226000 -8.160000 78.959000
-28.607000 -8.135000 79.379000
-28.680000 -5.922000 76.282000
-25.554000 -4.897000 74.407000
-26.840000 -1.486000 73.316000
-30.051000 0.527000 72.923000
-30.885000 2.887000 70.052000
10000.000000 10000.000000 10000.000000
10000.000000 10000.000000 10000.000000
-33.400000 5.565000 71.102000
10000.000000 10000.000000 10000.000000
10000.000000 10000.000000 10000.000000
-34.679000 6.930000 67.826000
-38.043000 8.333000 68.949000
-39.312000 11.851000 69.586000
-37.327000 13.883000 72.099000
-39.974000 13.535000 74.889000
-40.287000 9.826000 74.141000
-36.516000 9.456000 74.058000
-36.401000 11.186000 77.437000
-37.277000 5.901000 77.268000
-33.950000 6.687000 78.929000
-35.276000 7.556000 82.370000
-37.083000 4.235000 82.270000
-34.082000 2.148000 81.152000
-31.856000 3.872000 83.735000
-34.454000 2.618000 86.226000
-33.932000 -1.015000 85.227000
-30.260000 -1.162000 84.243000
-27.345000 0.927000 82.985000
-27.184000 -0.485000 79.454000
10000.000000 10000.000000 10000.000000
10000.000000 10000.000000 10000.000000
10000.000000 10000.000000 10000.000000
10000.000000 10000.000000 10000.000000
10000.000000 10000.000000 10000.000000
10000.000000 10000.000000 10000.000000
10000.000000 10000.000000 10000.000000
10000.000000 10000.000000 10000.000000
10000.000000 10000.000000 10000.000000
10000.000000 10000.000000 10000.000000
10000.000000 10000.000000 10000.000000
10000.000000 10000.000000 10000.000000
10000.000000 10000.000000 10000.000000
10000.000000 10000.000000 10000.000000
10000.000000 10000.000000 10000.000000
10000.000000 10000.000000 10000.000000
10000.000000 10000.000000 10000.000000
10000.000000 10000.000000 10000.000000
10000.000000 10000.000000 10000.000000
10000.000000 10000.000000 10000.000000
10000.000000 10000.000000 10000.000000
10000.000000 10000.000000 10000.000000
10000.000000 10000.000000 10000.000000
10000.000000 10000.000000 10000.000000
10000.000000 10000.000000 10000.000000
10000.000000 10000.000000 10000.000000
10000.000000 10000.000000 10000.000000
10000.000000 10000.000000 10000.000000
10000.000000 10000.000000 10000.000000
10000.000000 10000.000000 10000.000000
10000.000000 10000.000000 10000.000000
10000.000000 10000.000000 10000.000000
10000.000000 10000.000000 10000.000000
10000.000000 10000.000000 10000.000000
10000.000000 10000.000000 10000.000000
10000.000000 10000.000000 10000.000000
10000.000000 10000.000000 10000.000000
10000.000000 10000.000000 10000.000000
10000.000000 10000.000000 10000.000000
10000.000000 10000.000000 10000.000000
10000.000000 10000.000000 10000.000000
10000.000000 10000.000000 10000.000000
10000.000000 10000.000000 10000.000000
10000.000000 10000.000000 10000.000000
10000.000000 10000.000000 10000.000000
10000.000000 10000.000000 10000.000000
10000.000000 10000.000000 10000.000000
