Score: 15.100000 80.000000 -1.903090
10000.000000 10000.000000 10000.000000
10000.000000 10000.000000 10000.000000
10000.000000 10000.000000 10000.000000
10000.000000 10000.000000 10000.000000
10000.000000 10000.000000 10000.000000
10000.000000 10000.000000 10000.000000
10000.000000 10000.000000 10000.000000
10000.000000 10000.000000 10000.000000
10000.000000 10000.000000 10000.000000
10000.000000 10000.000000 10000.000000
10000.000000 10000.000000 10000.000000
10000.000000 10000.000000 10000.000000
10000.000000 10000.000000 10000.000000
10000.000000 10000.000000 10000.000000
10000.000000 10000.000000 10000.000000
10000.000000 10000.000000 10000.000000
10000.000000 10000.000000 10000.000000
10000.000000 10000.000000 10000.000000
10000.000000 10000.000000 10000.000000
10000.000000 10000.000000 10000.000000
10000.000000 10000.000000 10000.000000
10000.000000 10000.000000 10000.000000
10000.000000 10000.000000 10000.000000
10000.000000 10000.000000 10000.000000
10000.000000 10000.000000 10000.000000
10000.000000 10000.000000 10000.000000
10000.000000 10000.000000 10000.000000
315.102000 290.380000 172.896000
317.952000 288.137000 171.961000
315.610000 285.255000 171.369000
313.164000 287.394000 169.500000
315.834000 288.607000 167.123000
317.080000 285.105000 166.528000
313.500000 283.956000 165.913000
312.788000 286.767000 163.496000
315.731000 285.840000 161.366000
314.780000 282.185000 161.451000
311.209000 282.945000 160.543000
312.245000 285.100000 157.650000
314.348000 282.275000 156.340000
311.602000 279.768000 156.954000
309.041000 281.826000 155.100000
311.503000 282.509000 152.315000
311.381000 278.768000 151.894000
308.001000 279.198000 150.407000
309.052000 280.445000 147.041000
305.576000 281.408000 146.242000
304.593000 284.304000 148.302000
301.075000 283.540000 147.146000
301.200000 280.380000 149.201000
301.873000 282.358000 152.376000
298.756000 283.325000 154.302000
298.861000 285.840000 157.112000
295.988000 286.016000 159.555000
295.177000 288.642000 162.154000
291.917000 289.552000 163.844000
293.623000 292.046000 166.118000
293.166000 295.618000 164.997000
296.703000 296.840000 165.558000
297.938000 293.938000 163.453000
295.986000 294.758000 160.315000
298.205000 297.533000 159.017000
303.971000 292.907000 155.053000
301.827000 291.407000 152.340000
302.556000 294.290000 150.053000
306.272000 293.655000 150.302000
306.242000 289.856000 150.540000
303.363000 289.256000 148.169000
301.632000 286.967000 150.653000
297.873000 286.589000 150.961000
292.323000 290.403000 158.450000
289.311000 290.813000 160.649000
286.931000 287.938000 161.107000
288.289000 284.612000 159.939000
285.558000 282.582000 158.281000
285.394000 279.130000 159.721000
285.418000 277.337000 156.370000
10000.000000 10000.000000 10000.000000
291.043000 276.389000 155.224000
288.596000 273.537000 155.774000
285.883000 273.903000 153.113000
286.845000 273.560000 149.476000
283.764000 275.192000 148.135000
284.048000 278.424000 150.012000
284.655000 281.669000 148.233000
287.175000 282.348000 150.949000
288.719000 278.880000 150.581000
292.461000 278.998000 150.110000
295.260000 276.464000 150.089000
298.316000 278.084000 151.557000
301.582000 276.260000 152.150000
302.124000 278.108000 155.415000
299.964000 280.088000 157.807000
301.238000 283.008000 159.866000
299.016000 284.218000 162.682000
299.312000 287.278000 164.902000
297.977000 285.645000 168.046000
297.133000 282.006000 168.562000
294.449000 282.847000 171.085000
292.567000 285.330000 168.928000
293.380000 283.597000 165.644000
292.757000 280.157000 167.073000
290.205000 279.288000 164.434000
292.812000 279.683000 161.742000
293.196000 274.899000 164.401000
292.110000 274.601000 160.805000
295.615000 274.947000 159.425000
296.777000 272.248000 161.792000
293.928000 270.003000 160.736000
294.967000 270.459000 157.104000
298.565000 269.866000 158.143000
299.746000 273.338000 157.129000
302.640000 274.693000 159.108000
301.711000 277.465000 161.488000
303.941000 280.343000 162.451000
302.820000 282.720000 165.105000
10000.000000 10000.000000 10000.000000
303.787000 285.579000 167.318000
303.420000 284.534000 170.895000
303.200000 286.708000 173.974000
303.981000 285.452000 177.446000
300.310000 284.596000 177.897000
300.041000 282.437000 174.797000
300.231000 278.714000 174.791000
10000.000000 10000.000000 10000.000000
10000.000000 10000.000000 10000.000000
10000.000000 10000.000000 10000.000000
10000.000000 10000.000000 10000.000000
10000.000000 10000.000000 10000.000000
10000.000000 10000.000000 10000.000000
10000.000000 10000.000000 10000.000000
10000.000000 10000.000000 10000.000000
10000.000000 10000.000000 10000.000000
10000.000000 10000.000000 10000.000000
10000.000000 10000.000000 10000.000000
10000.000000 10000.000000 10000.000000
10000.000000 10000.000000 10000.000000
10000.000000 10000.000000 10000.000000
10000.000000 10000.000000 10000.000000
10000.000000 10000.000000 10000.000000
10000.000000 10000.000000 10000.000000
10000.000000 10000.000000 10000.000000
10000.000000 10000.000000 10000.000000
10000.000000 10000.000000 10000.000000
10000.000000 10000.000000 10000.000000
10000.000000 10000.000000 10000.000000
10000.000000 10000.000000 10000.000000
10000.000000 10000.000000 10000.000000
10000.000000 10000.000000 10000.000000
10000.000000 10000.000000 10000.000000
10000.000000 10000.000000 10000.000000
10000.000000 10000.000000 10000.000000
10000.000000 10000.000000 10000.000000
10000.000000 10000.000000 10000.000000
10000.000000 10000.000000 10000.000000
10000.000000 10000.000000 10000.000000
10000.000000 10000.000000 10000.000000
10000.000000 10000.000000 10000.000000
10000.000000 10000.000000 10000.000000
10000.000000 10000.000000 10000.000000
10000.000000 10000.000000 10000.000000
10000.000000 10000.000000 10000.000000
10000.000000 10000.000000 10000.000000
10000.000000 10000.000000 10000.000000
10000.000000 10000.000000 10000.000000
10000.000000 10000.000000 10000.000000
10000.000000 10000.000000 10000.000000
10000.000000 10000.000000 10000.000000
10000.000000 10000.000000 10000.000000
10000.000000 10000.000000 10000.000000
10000.000000 10000.000000 10000.000000
10000.000000 10000.000000 10000.000000
10000.000000 10000.000000 10000.000000
10000.000000 10000.000000 10000.000000
10000.000000 10000.000000 10000.000000
10000.000000 10000.000000 10000.000000
10000.000000 10000.000000 10000.000000
10000.000000 10000.000000 10000.000000
10000.000000 10000.000000 10000.000000
10000.000000 10000.000000 10000.000000
10000.000000 10000.000000 10000.000000
10000.000000 10000.000000 10000.000000
10000.000000 10000.000000 10000.000000
10000.000000 10000.000000 10000.000000
10000.000000 10000.000000 10000.000000
