Score: 13.440000 150.000000 -2.176091
10000.000000 10000.000000 10000.000000
10000.000000 10000.000000 10000.000000
10000.000000 10000.000000 10000.000000
10000.000000 10000.000000 10000.000000
10000.000000 10000.000000 10000.000000
10000.000000 10000.000000 10000.000000
10000.000000 10000.000000 10000.000000
10000.000000 10000.000000 10000.000000
10000.000000 10000.000000 10000.000000
10000.000000 10000.000000 10000.000000
10000.000000 10000.000000 10000.000000
10000.000000 10000.000000 10000.000000
10000.000000 10000.000000 10000.000000
10000.000000 10000.000000 10000.000000
10000.000000 10000.000000 10000.000000
10000.000000 10000.000000 10000.000000
10000.000000 10000.000000 10000.000000
10000.000000 10000.000000 10000.000000
10000.000000 10000.000000 10000.000000
10000.000000 10000.000000 10000.000000
10000.000000 10000.000000 10000.000000
10000.000000 10000.000000 10000.000000
10000.000000 10000.000000 10000.000000
10000.000000 10000.000000 10000.000000
10000.000000 10000.000000 10000.000000
10000.000000 10000.000000 10000.000000
10000.000000 10000.000000 10000.000000
27.616000 41.982000 97.336000
25.216000 44.929000 97.654000
26.827000 46.807000 94.773000
27.038000 43.690000 92.589000
23.308000 43.068000 93.073000
22.337000 46.560000 91.950000
24.660000 46.617000 88.939000
23.027000 43.373000 87.829000
19.637000 45.063000 88.184000
20.870000 47.992000 86.109000
22.648000 45.804000 83.547000
19.535000 43.666000 83.196000
17.167000 46.571000 82.602000
19.782000 48.116000 80.311000
20.358000 45.061000 78.095000
16.612000 44.308000 77.998000
16.125000 47.440000 75.922000
18.057000 46.011000 72.968000
10000.000000 10000.000000 10000.000000
17.102000 43.803000 70.053000
18.348000 40.371000 71.279000
20.638000 39.764000 68.307000
22.202000 43.207000 68.749000
23.856000 42.136000 72.019000
27.193000 40.315000 71.699000
28.609000 38.451000 74.705000
32.328000 37.744000 74.551000
34.236000 35.310000 76.745000
37.577000 33.602000 76.242000
37.670000 32.246000 79.814000
36.680000 28.545000 79.748000
34.453000 28.599000 82.838000
32.469000 31.387000 81.207000
25.702000 30.203000 76.030000
22.928000 29.681000 78.586000
22.504000 33.443000 78.983000
22.200000 33.613000 75.199000
19.559000 30.861000 75.089000
17.349000 32.952000 77.369000
18.081000 36.451000 76.066000
18.591000 35.640000 72.398000
21.874000 37.528000 72.280000
24.737000 36.776000 69.884000
33.300000 32.037000 73.267000
36.884000 30.907000 72.893000
39.247000 32.900000 70.687000
37.786000 36.178000 69.417000
38.842000 36.641000 65.759000
40.583000 40.053000 65.453000
38.526000 42.319000 63.209000
35.201000 40.710000 64.117000
33.723000 44.100000 65.003000
35.736000 46.219000 62.583000
36.400000 44.242000 59.382000
33.184000 43.765000 57.305000
35.085000 41.363000 55.074000
35.895000 38.865000 57.782000
33.481000 35.987000 57.751000
32.840000 36.742000 61.451000
31.982000 40.436000 61.055000
29.093000 41.649000 63.184000
27.350000 44.876000 64.019000
26.073000 44.531000 67.583000
24.938000 47.627000 69.473000
26.334000 46.561000 72.833000
29.218000 44.273000 73.829000
29.289000 42.293000 77.105000
32.660000 40.740000 78.029000
33.660000 38.383000 80.881000
37.022000 40.028000 81.680000
38.223000 43.305000 80.120000
41.799000 42.055000 80.377000
41.342000 38.646000 78.807000
38.796000 39.865000 76.262000
40.783000 43.003000 75.454000
40.556000 42.464000 71.697000
36.785000 42.758000 71.837000
39.286000 47.494000 71.872000
37.321000 46.973000 68.650000
34.184000 47.907000 70.547000
35.698000 51.242000 71.611000
37.210000 51.901000 68.183000
33.748000 51.491000 66.679000
31.904000 53.305000 69.467000
29.945000 50.326000 70.853000
29.173000 50.653000 74.589000
30.922000 47.987000 76.710000
29.455000 45.993000 79.616000
32.032000 44.061000 81.649000
10000.000000 10000.000000 10000.000000
32.365000 41.684000 84.593000
35.138000 43.193000 86.675000
37.170000 41.637000 89.474000
39.202000 43.608000 92.039000
42.279000 43.173000 89.811000
40.607000 44.523000 86.642000
40.866000 47.952000 85.118000
10000.000000 10000.000000 10000.000000
10000.000000 10000.000000 10000.000000
10000.000000 10000.000000 10000.000000
10000.000000 10000.000000 10000.000000
10000.000000 10000.000000 10000.000000
10000.000000 10000.000000 10000.000000
10000.000000 10000.000000 10000.000000
10000.000000 10000.000000 10000.000000
10000.000000 10000.000000 10000.000000
10000.000000 10000.000000 10000.000000
10000.000000 10000.000000 10000.000000
10000.000000 10000.000000 10000.000000
10000.000000 10000.000000 10000.000000
10000.000000 10000.000000 10000.000000
10000.000000 10000.000000 10000.000000
10000.000000 10000.000000 10000.000000
10000.000000 10000.000000 10000.000000
10000.000000 10000.000000 10000.000000
10000.000000 10000.000000 10000.000000
10000.000000 10000.000000 10000.000000
10000.000000 10000.000000 10000.000000
10000.000000 10000.000000 10000.000000
10000.000000 10000.000000 10000.000000
10000.000000 10000.000000 10000.000000
10000.000000 10000.000000 10000.000000
10000.000000 10000.000000 10000.000000
10000.000000 10000.000000 10000.000000
10000.000000 10000.000000 10000.000000
10000.000000 10000.000000 10000.000000
10000.000000 10000.000000 10000.000000
10000.000000 10000.000000 10000.000000
10000.000000 10000.000000 10000.000000
10000.000000 10000.000000 10000.000000
10000.000000 10000.000000 10000.000000
10000.000000 10000.000000 10000.000000
10000.000000 10000.000000 10000.000000
10000.000000 10000.000000 10000.000000
10000.000000 10000.000000 10000.000000
10000.000000 10000.000000 10000.000000
10000.000000 10000.000000 10000.000000
10000.000000 10000.000000 10000.000000
10000.000000 10000.000000 10000.000000
10000.000000 10000.000000 10000.000000
10000.000000 10000.000000 10000.000000
10000.000000 10000.000000 10000.000000
10000.000000 10000.000000 10000.000000
10000.000000 10000.000000 10000.000000
10000.000000 10000.000000 10000.000000
10000.000000 10000.000000 10000.000000
10000.000000 10000.000000 10000.000000
10000.000000 10000.000000 10000.000000
10000.000000 10000.000000 10000.000000
10000.000000 10000.000000 10000.000000
10000.000000 10000.000000 10000.000000
10000.000000 10000.000000 10000.000000
10000.000000 10000.000000 10000.000000
10000.000000 10000.000000 10000.000000
10000.000000 10000.000000 10000.000000
10000.000000 10000.000000 10000.000000
10000.000000 10000.000000 10000.000000
10000.000000 10000.000000 10000.000000
