Score: 8.210000 1100.000000 -3.041393
10000.000000 10000.000000 10000.000000
10000.000000 10000.000000 10000.000000
10000.000000 10000.000000 10000.000000
10000.000000 10000.000000 10000.000000
10000.000000 10000.000000 10000.000000
10000.000000 10000.000000 10000.000000
10000.000000 10000.000000 10000.000000
10000.000000 10000.000000 10000.000000
10000.000000 10000.000000 10000.000000
10000.000000 10000.000000 10000.000000
10000.000000 10000.000000 10000.000000
10000.000000 10000.000000 10000.000000
10000.000000 10000.000000 10000.000000
10000.000000 10000.000000 10000.000000
10000.000000 10000.000000 10000.000000
10000.000000 10000.000000 10000.000000
10000.000000 10000.000000 10000.000000
10000.000000 10000.000000 10000.000000
10000.000000 10000.000000 10000.000000
10000.000000 10000.000000 10000.000000
10000.000000 10000.000000 10000.000000
10000.000000 10000.000000 10000.000000
-34.160000 6.227000 -1.865000
-36.923000 8.833000 -1.866000
-39.425000 8.354000 -4.681000
-39.271000 10.514000 -7.837000
-42.303000 12.458000 -6.554000
-40.473000 13.386000 -3.363000
-37.361000 14.459000 -5.316000
-39.468000 16.804000 -7.463000
-41.194000 18.236000 -4.375000
-37.796000 18.555000 -2.646000
-36.323000 20.570000 -5.523000
-39.474000 22.690000 -5.566000
-38.938000 23.508000 -1.880000
-35.306000 24.616000 -2.458000
-36.570000 27.063000 -5.101000
-39.729000 28.311000 -3.377000
-30.205000 10.951000 -5.475000
-31.953000 13.305000 -2.989000
-28.864000 15.503000 -2.652000
-28.723000 15.743000 -6.463000
-32.399000 16.707000 -6.720000
-31.875000 19.603000 -4.310000
-29.524000 25.602000 -5.564000
-28.336000 29.156000 -6.348000
-24.841000 29.601000 -7.831000
-23.690000 30.093000 -4.235000
-25.828000 27.233000 -2.917000
-24.186000 24.714000 -0.555000
-25.144000 21.242000 0.734000
-23.395000 19.544000 3.630000
-24.072000 15.852000 3.048000
-23.643000 13.417000 5.955000
-23.305000 9.682000 5.453000
-21.575000 6.742000 7.111000
-21.231000 4.596000 3.954000
-18.075000 5.273000 1.853000
-19.023000 2.984000 -1.048000
-22.545000 4.224000 -1.762000
-21.341000 7.770000 -1.181000
-18.478000 7.198000 -3.647000
-21.162000 6.546000 -6.259000
-22.956000 9.697000 -5.115000
-19.826000 11.728000 -5.809000
-19.528000 10.182000 -9.298000
-22.978000 11.457000 -10.270000
-22.791000 14.874000 -8.641000
-19.617000 15.825000 -10.526000
-21.189000 14.220000 -13.596000
-24.120000 16.661000 -13.306000
-21.872000 19.574000 -12.404000
-23.231000 20.210000 -8.906000
-20.456000 18.474000 -6.964000
-19.201000 21.997000 -6.312000
-22.282000 22.701000 -4.219000
-22.094000 19.515000 -2.122000
-19.673000 18.881000 0.749000
-19.753000 15.216000 1.732000
-18.963000 14.450000 5.357000
-18.176000 10.722000 5.614000
-18.650000 9.146000 9.037000
-21.349000 8.831000 11.749000
-23.838000 11.681000 11.339000
-23.815000 12.551000 15.059000
-20.053000 13.108000 15.026000
-20.470000 15.444000 12.030000
-23.333000 17.379000 13.619000
-21.239000 17.762000 16.749000
-18.446000 19.337000 14.657000
-28.975000 26.190000 7.323000
-32.080000 27.288000 5.461000
-33.236000 23.695000 5.065000
-32.367000 20.350000 6.667000
-33.293000 16.934000 5.245000
-33.307000 14.092000 7.790000
-33.397000 10.699000 6.091000
-31.023000 8.245000 7.799000
-31.213000 5.669000 10.611000
-34.618000 6.083000 12.253000
-33.312000 5.235000 15.723000
-31.496000 8.592000 15.828000
-34.273000 10.783000 14.380000
-34.971000 12.408000 17.771000
-31.296000 13.409000 17.979000
-28.459000 24.615000 13.525000
-31.514000 25.827000 11.545000
-32.279000 29.518000 11.027000
-35.613000 30.870000 12.210000
-37.907000 30.530000 9.235000
-35.817000 27.610000 8.032000
-37.455000 24.332000 7.028000
-36.882000 20.899000 8.529000
-37.909000 17.976000 6.281000
-38.164000 14.468000 7.734000
-47.971000 1.909000 7.660000
-46.395000 0.289000 10.720000
-47.099000 3.523000 12.630000
-50.671000 2.260000 13.092000
-49.559000 -0.790000 15.099000
-50.922000 -0.892000 18.628000
-47.906000 -2.593000 20.211000
-45.042000 -2.072000 17.730000
-42.230000 -4.549000 18.280000
-39.786000 -3.079000 15.753000
-37.451000 -0.381000 17.119000
-37.785000 2.061000 14.184000
-41.589000 1.922000 14.458000
-41.117000 11.168000 17.197000
-43.603000 14.734000 20.042000
-43.419000 16.812000 16.878000
-47.223000 17.211000 16.725000
-47.036000 19.388000 19.839000
-43.567000 20.907000 19.362000
-44.394000 24.604000 19.658000
-41.073000 25.657000 18.137000
-42.273000 24.520000 14.696000
-45.349000 24.707000 12.445000
-45.744000 21.316000 10.749000
-47.431000 19.596000 7.818000
-47.429000 15.816000 7.262000
-47.300000 15.174000 3.483000
-48.187000 11.733000 1.993000
-45.438000 11.422000 -0.655000
-43.161000 8.400000 -0.736000
-43.069000 6.903000 2.773000
-44.489000 10.060000 4.344000
-42.581000 13.277000 4.933000
-43.076000 15.999000 7.512000
-42.327000 19.677000 6.965000
10000.000000 10000.000000 10000.000000
10000.000000 10000.000000 10000.000000
10000.000000 10000.000000 10000.000000
10000.000000 10000.000000 10000.000000
10000.000000 10000.000000 10000.000000
10000.000000 10000.000000 10000.000000
10000.000000 10000.000000 10000.000000
10000.000000 10000.000000 10000.000000
10000.000000 10000.000000 10000.000000
10000.000000 10000.000000 10000.000000
10000.000000 10000.000000 10000.000000
10000.000000 10000.000000 10000.000000
10000.000000 10000.000000 10000.000000
10000.000000 10000.000000 10000.000000
10000.000000 10000.000000 10000.000000
10000.000000 10000.000000 10000.000000
10000.000000 10000.000000 10000.000000
10000.000000 10000.000000 10000.000000
10000.000000 10000.000000 10000.000000
10000.000000 10000.000000 10000.000000
10000.000000 10000.000000 10000.000000
10000.000000 10000.000000 10000.000000
10000.000000 10000.000000 10000.000000
10000.000000 10000.000000 10000.000000
10000.000000 10000.000000 10000.000000
10000.000000 10000.000000 10000.000000
10000.000000 10000.000000 10000.000000
10000.000000 10000.000000 10000.000000
10000.000000 10000.000000 10000.000000
10000.000000 10000.000000 10000.000000
10000.000000 10000.000000 10000.000000
10000.000000 10000.000000 10000.000000
10000.000000 10000.000000 10000.000000
10000.000000 10000.000000 10000.000000
10000.000000 10000.000000 10000.000000
