Score: 12.800000 190.000000 -2.278754
10000.000000 10000.000000 10000.000000
10000.000000 10000.000000 10000.000000
10000.000000 10000.000000 10000.000000
10000.000000 10000.000000 10000.000000
10000.000000 10000.000000 10000.000000
10000.000000 10000.000000 10000.000000
10000.000000 10000.000000 10000.000000
10000.000000 10000.000000 10000.000000
10000.000000 10000.000000 10000.000000
18.146000 28.363000 53.192000
17.856000 28.488000 56.927000
18.712000 25.603000 59.258000
16.173000 25.444000 62.075000
17.607000 23.751000 65.139000
14.265000 23.000000 66.722000
13.928000 22.789000 70.496000
17.271000 21.117000 71.127000
17.107000 22.157000 74.828000
18.348000 19.978000 77.702000
14.818000 19.462000 78.988000
16.654000 14.222000 78.711000
13.679000 11.859000 77.973000
15.572000 10.285000 75.086000
17.586000 7.118000 75.773000
21.271000 7.841000 75.364000
21.646000 5.897000 72.115000
18.939000 7.964000 70.439000
20.210000 11.192000 71.930000
23.721000 10.403000 70.717000
22.619000 9.581000 67.154000
20.417000 12.657000 66.971000
23.017000 15.097000 68.253000
25.824000 13.679000 66.074000
23.759000 14.093000 62.890000
22.431000 17.553000 63.860000
25.972000 18.657000 64.582000
27.195000 17.324000 61.216000
24.325000 19.087000 59.587000
25.055000 22.349000 61.364000
28.746000 22.250000 60.395000
27.906000 21.743000 56.703000
25.358000 24.532000 56.896000
27.926000 26.928000 58.304000
30.501000 25.926000 55.684000
27.975000 26.477000 52.894000
26.587000 29.822000 54.083000
23.274000 28.510000 55.336000
21.796000 30.755000 58.030000
21.486000 28.983000 61.394000
18.478000 29.501000 63.683000
17.655000 28.033000 67.109000
14.251000 27.896000 68.747000
13.968000 27.639000 72.494000
11.265000 28.018000 75.149000
11.925000 30.649000 77.756000
11.004000 28.364000 80.651000
8.831000 29.160000 83.681000
5.974000 30.251000 81.480000
3.269000 32.131000 83.285000
-0.166000 30.535000 83.366000
-1.237000 33.010000 80.735000
1.807000 32.301000 78.547000
1.448000 28.573000 79.016000
2.250000 19.051000 79.037000
1.931000 20.517000 82.543000
3.661000 23.771000 83.565000
10.397000 23.432000 81.820000
11.958000 25.889000 84.193000
13.802000 29.043000 83.195000
17.019000 27.494000 84.465000
20.157000 26.566000 82.530000
19.626000 22.895000 83.401000
16.343000 22.938000 81.462000
16.457000 25.728000 78.865000
20.014000 25.609000 77.495000
20.696000 24.406000 74.016000
10000.000000 10000.000000 10000.000000
10000.000000 10000.000000 10000.000000
10000.000000 10000.000000 10000.000000
10000.000000 10000.000000 10000.000000
10000.000000 10000.000000 10000.000000
10000.000000 10000.000000 10000.000000
10000.000000 10000.000000 10000.000000
22.809000 21.247000 74.395000
26.537000 22.028000 74.193000
27.144000 19.827000 71.163000
24.969000 22.303000 69.184000
26.154000 25.462000 70.953000
24.908000 28.526000 69.052000
27.412000 30.884000 67.466000
27.274000 34.695000 67.430000
22.983000 32.432000 64.637000
19.346000 33.487000 65.136000
17.842000 32.963000 68.607000
6.733000 30.542000 63.552000
4.005000 31.061000 66.143000
4.513000 34.351000 67.939000
8.139000 34.424000 66.818000
9.909000 36.570000 64.252000
11.087000 33.578000 62.141000
8.936000 34.427000 59.116000
9.848000 38.100000 59.242000
13.547000 37.324000 59.461000
13.439000 34.786000 56.660000
11.683000 37.309000 54.408000
14.150000 40.089000 55.284000
17.093000 37.711000 54.629000
15.725000 36.603000 51.293000
15.595000 32.984000 52.434000
12.775000 30.778000 51.275000
13.932000 27.263000 52.109000
13.980000 25.671000 55.541000
16.034000 22.723000 56.769000
14.653000 21.229000 59.954000
16.331000 19.147000 62.645000
15.511000 18.596000 66.326000
12.624000 17.274000 68.452000
9.858000 16.067000 68.543000
9.400000 14.839000 64.938000
5.605000 14.479000 64.986000
4.895000 17.521000 67.146000
10000.000000 10000.000000 10000.000000
10000.000000 10000.000000 10000.000000
6.770000 20.842000 66.699000
9.089000 19.639000 63.948000
6.174000 18.509000 61.775000
3.958000 21.449000 62.609000
6.794000 23.870000 61.878000
7.338000 22.105000 58.539000
3.630000 22.522000 57.756000
3.759000 26.238000 58.562000
6.842000 26.840000 56.433000
5.200000 24.963000 53.573000
2.077000 27.020000 54.017000
4.134000 30.229000 53.653000
5.520000 28.921000 50.334000
8.867000 28.156000 51.989000
10.251000 24.850000 50.692000
11.123000 22.546000 53.667000
13.727000 19.800000 53.903000
10000.000000 10000.000000 10000.000000
10000.000000 10000.000000 10000.000000
10000.000000 10000.000000 10000.000000
10000.000000 10000.000000 10000.000000
10000.000000 10000.000000 10000.000000
10000.000000 10000.000000 10000.000000
10000.000000 10000.000000 10000.000000
10000.000000 10000.000000 10000.000000
10000.000000 10000.000000 10000.000000
10000.000000 10000.000000 10000.000000
10000.000000 10000.000000 10000.000000
10000.000000 10000.000000 10000.000000
10000.000000 10000.000000 10000.000000
10000.000000 10000.000000 10000.000000
10000.000000 10000.000000 10000.000000
10000.000000 10000.000000 10000.000000
10000.000000 10000.000000 10000.000000
10000.000000 10000.000000 10000.000000
10000.000000 10000.000000 10000.000000
10000.000000 10000.000000 10000.000000
10000.000000 10000.000000 10000.000000
10000.000000 10000.000000 10000.000000
10000.000000 10000.000000 10000.000000
10000.000000 10000.000000 10000.000000
10000.000000 10000.000000 10000.000000
10000.000000 10000.000000 10000.000000
10000.000000 10000.000000 10000.000000
10000.000000 10000.000000 10000.000000
10000.000000 10000.000000 10000.000000
10000.000000 10000.000000 10000.000000
10000.000000 10000.000000 10000.000000
10000.000000 10000.000000 10000.000000
10000.000000 10000.000000 10000.000000
10000.000000 10000.000000 10000.000000
10000.000000 10000.000000 10000.000000
10000.000000 10000.000000 10000.000000
10000.000000 10000.000000 10000.000000
10000.000000 10000.000000 10000.000000
10000.000000 10000.000000 10000.000000
10000.000000 10000.000000 10000.000000
10000.000000 10000.000000 10000.000000
10000.000000 10000.000000 10000.000000
10000.000000 10000.000000 10000.000000
10000.000000 10000.000000 10000.000000
10000.000000 10000.000000 10000.000000
