Score: 8.790000 860.000000 -2.934498
10000.000000 10000.000000 10000.000000
10000.000000 10000.000000 10000.000000
10000.000000 10000.000000 10000.000000
10000.000000 10000.000000 10000.000000
10000.000000 10000.000000 10000.000000
10000.000000 10000.000000 10000.000000
10000.000000 10000.000000 10000.000000
10000.000000 10000.000000 10000.000000
10000.000000 10000.000000 10000.000000
10000.000000 10000.000000 10000.000000
9.127000 14.518000 -9.141000
7.989000 11.438000 -11.000000
4.196000 10.912000 -10.774000
3.332000 7.280000 -11.507000
-0.315000 7.168000 -12.531000
-2.575000 4.199000 -11.804000
-0.217000 1.273000 -12.396000
-2.840000 -1.027000 -10.975000
-4.243000 -4.480000 -11.593000
-7.481000 -2.941000 -12.897000
-5.821000 -1.189000 -15.850000
-3.424000 -3.956000 -16.849000
-10.518000 -2.252000 -17.284000
-7.473000 -3.869000 -18.835000
-5.494000 -1.721000 -21.271000
-3.768000 -4.003000 -23.788000
0.007000 -4.287000 -23.275000
-0.132000 -1.843000 -20.328000
1.944000 -4.216000 -18.189000
4.863000 -3.906000 -20.651000
5.680000 -0.354000 -19.480000
6.371000 -1.429000 -15.891000
10.073000 -2.345000 -16.168000
10.705000 1.100000 -17.725000
8.789000 2.817000 -14.943000
10.702000 0.836000 -12.279000
14.012000 1.897000 -13.837000
12.934000 5.550000 -14.231000
11.822000 5.789000 -10.625000
15.373000 4.963000 -9.468000
16.537000 8.103000 -11.293000
14.318000 10.457000 -9.332000
14.799000 11.748000 -5.806000
11.023000 12.163000 -5.463000
8.360000 9.697000 -6.582000
4.599000 9.840000 -6.049000
2.230000 6.983000 -6.902000
-1.443000 7.506000 -7.719000
-4.173000 4.976000 -7.213000
-7.685000 5.043000 -8.644000
-9.722000 4.296000 -5.562000
-13.446000 4.070000 -6.150000
-16.271000 3.191000 -3.812000
-18.665000 0.504000 -5.111000
-21.351000 3.172000 -5.788000
-19.115000 5.391000 -7.936000
-20.780000 7.659000 -10.535000
-18.254000 6.717000 -13.235000
-23.424000 0.391000 -20.751000
-19.647000 0.711000 -20.412000
-17.929000 3.258000 -22.694000
-21.088000 5.296000 -23.226000
-21.139000 8.914000 -22.031000
-23.514000 10.732000 -19.656000
-24.074000 14.419000 -18.902000
-23.457000 15.100000 -15.220000
-23.642000 18.419000 -13.355000
-19.947000 18.990000 -14.133000
-20.113000 18.017000 -17.823000
-19.620000 14.903000 -19.919000
-18.582000 11.711000 -18.100000
-17.438000 8.500000 -19.756000
-18.962000 5.465000 -18.040000
-16.714000 2.483000 -17.314000
10000.000000 10000.000000 10000.000000
-16.792000 -1.152000 -16.208000
-16.518000 -1.344000 -12.396000
-12.811000 -0.995000 -11.690000
-10.350000 -0.280000 -8.876000
-12.872000 -0.554000 -6.070000
-11.344000 0.351000 -2.694000
-9.735000 -2.611000 -0.958000
-10.090000 -5.066000 -3.839000
-7.473000 -6.951000 -5.844000
-7.307000 -1.609000 -7.050000
-3.915000 -2.995000 -5.931000
-0.708000 -1.977000 -7.608000
0.432000 -4.323000 -10.338000
9.370000 1.350000 -6.421000
10.385000 0.963000 -2.774000
8.101000 6.013000 -3.472000
7.233000 8.699000 -0.895000
3.479000 9.196000 -1.318000
0.481000 7.235000 -2.454000
-2.371000 9.516000 -3.369000
-5.714000 7.960000 -3.949000
-8.429000 20.163000 -5.522000
-6.899000 16.845000 -4.421000
-4.106000 18.183000 -2.223000
-1.317000 17.169000 -4.619000
-0.427000 20.718000 -5.721000
-0.050000 21.852000 -2.094000
2.025000 18.789000 -1.274000
4.416000 19.228000 -4.179000
4.878000 22.997000 -3.726000
5.530000 22.603000 0.003000
8.279000 20.109000 -0.898000
9.855000 22.574000 -3.371000
8.894000 20.605000 -6.473000
8.352000 22.699000 -9.624000
8.762000 20.036000 -12.339000
6.591000 16.955000 -12.787000
7.220000 13.946000 -15.045000
4.165000 11.770000 -15.641000
4.048000 8.068000 -16.509000
1.465000 5.296000 -16.295000
-1.998000 4.424000 -17.503000
-3.985000 5.560000 -19.436000
-2.007000 8.027000 -21.570000
-5.215000 9.636000 -22.808000
10000.000000 10000.000000 10000.000000
10000.000000 10000.000000 10000.000000
-7.147000 9.813000 -19.540000
10000.000000 10000.000000 10000.000000
-1.983000 10.556000 -17.538000
-3.170000 13.360000 -19.875000
-5.514000 14.946000 -17.317000
-2.831000 14.773000 -14.601000
-0.303000 16.408000 -16.970000
-2.732000 19.099000 -18.153000
-3.666000 19.912000 -14.551000
0.020000 20.071000 -13.558000
0.488000 22.747000 -16.262000
-2.550000 24.682000 -15.055000
-1.011000 24.689000 -11.552000
2.306000 26.120000 -12.771000
4.500000 23.014000 -12.956000
6.953000 22.330000 -15.760000
5.325000 19.171000 -17.045000
6.700000 16.273000 -19.077000
10000.000000 10000.000000 10000.000000
10000.000000 10000.000000 10000.000000
10000.000000 10000.000000 10000.000000
10000.000000 10000.000000 10000.000000
10000.000000 10000.000000 10000.000000
10000.000000 10000.000000 10000.000000
10000.000000 10000.000000 10000.000000
10000.000000 10000.000000 10000.000000
10000.000000 10000.000000 10000.000000
10000.000000 10000.000000 10000.000000
10000.000000 10000.000000 10000.000000
10000.000000 10000.000000 10000.000000
10000.000000 10000.000000 10000.000000
10000.000000 10000.000000 10000.000000
10000.000000 10000.000000 10000.000000
10000.000000 10000.000000 10000.000000
10000.000000 10000.000000 10000.000000
10000.000000 10000.000000 10000.000000
10000.000000 10000.000000 10000.000000
10000.000000 10000.000000 10000.000000
10000.000000 10000.000000 10000.000000
10000.000000 10000.000000 10000.000000
10000.000000 10000.000000 10000.000000
10000.000000 10000.000000 10000.000000
10000.000000 10000.000000 10000.000000
10000.000000 10000.000000 10000.000000
10000.000000 10000.000000 10000.000000
10000.000000 10000.000000 10000.000000
10000.000000 10000.000000 10000.000000
10000.000000 10000.000000 10000.000000
10000.000000 10000.000000 10000.000000
10000.000000 10000.000000 10000.000000
10000.000000 10000.000000 10000.000000
10000.000000 10000.000000 10000.000000
10000.000000 10000.000000 10000.000000
10000.000000 10000.000000 10000.000000
10000.000000 10000.000000 10000.000000
10000.000000 10000.000000 10000.000000
10000.000000 10000.000000 10000.000000
10000.000000 10000.000000 10000.000000
10000.000000 10000.000000 10000.000000
10000.000000 10000.000000 10000.000000
10000.000000 10000.000000 10000.000000
10000.000000 10000.000000 10000.000000
10000.000000 10000.000000 10000.000000
