Score: 486.950000 0.000000 100.000000
10000.000000 10000.000000 10000.000000
10000.000000 10000.000000 10000.000000
10000.000000 10000.000000 10000.000000
0.685000 11.307000 24.167000
3.029000 14.010000 22.753000
4.291000 15.493000 26.057000
6.111000 18.908000 26.179000
8.493000 18.831000 29.204000
9.240000 21.989000 31.225000
12.952000 23.025000 31.429000
12.421000 23.695000 35.195000
14.587000 21.433000 37.362000
12.894000 20.201000 40.567000
15.239000 18.541000 43.083000
14.255000 16.519000 46.176000
17.317000 17.018000 48.466000
17.631000 13.631000 50.282000
20.649000 14.709000 52.459000
18.508000 14.601000 55.686000
18.257000 10.723000 55.824000
20.049000 10.492000 59.251000
17.513000 12.981000 60.816000
14.483000 10.667000 60.215000
13.305000 7.453000 61.924000
12.534000 4.398000 59.626000
8.747000 5.238000 59.901000
9.410000 8.793000 58.502000
11.776000 7.333000 55.797000
8.851000 5.112000 54.546000
6.609000 8.257000 54.534000
9.255000 10.153000 52.437000
9.483000 7.122000 50.042000
5.616000 7.211000 49.697000
5.738000 11.009000 48.983000
8.546000 10.514000 46.352000
6.377000 7.780000 44.627000
3.497000 10.353000 44.474000
5.864000 13.037000 42.980000
7.002000 10.516000 40.279000
3.408000 9.406000 39.391000
2.149000 13.052000 39.224000
5.171000 14.184000 37.123000
4.523000 11.348000 34.581000
0.835000 12.529000 34.294000
1.562000 16.341000 34.284000
0.876000 18.543000 31.191000
4.351000 20.146000 31.557000
6.554000 17.648000 33.528000
9.630000 19.037000 35.329000
13.223000 17.706000 35.173000
12.874000 15.536000 38.332000
16.008000 15.013000 40.502000
16.622000 12.878000 43.597000
20.025000 13.968000 44.995000
22.083000 12.615000 47.987000
20.371000 9.229000 47.377000
21.621000 6.805000 50.015000
21.155000 5.674000 53.618000
17.786000 4.371000 54.915000
15.812000 5.775000 51.912000
17.935000 3.903000 49.276000
17.626000 0.617000 51.280000
13.814000 1.102000 51.723000
13.572000 1.793000 47.953000
15.807000 -1.269000 47.145000
13.522000 -3.448000 49.376000
10.013000 -2.262000 48.264000
10.499000 -0.502000 44.859000
13.164000 -2.868000 43.309000
12.466000 -1.217000 39.911000
13.677000 2.294000 41.014000
16.882000 1.677000 38.949000
14.495000 1.059000 35.927000
12.431000 4.302000 36.620000
12.209000 6.607000 33.543000
12.206000 10.488000 33.435000
13.949000 10.866000 36.882000
17.582000 11.648000 37.880000
18.436000 9.518000 40.944000
21.961000 10.578000 42.052000
24.053000 9.708000 45.191000
25.837000 13.114000 44.864000
24.685000 16.263000 46.731000
22.828000 18.874000 44.543000
25.823000 21.263000 45.096000
28.065000 18.784000 43.156000
25.653000 18.671000 40.131000
23.941000 22.113000 39.789000
25.510000 25.611000 39.325000
25.298000 27.782000 42.516000
23.663000 30.770000 40.668000
20.908000 28.458000 39.181000
19.646000 27.182000 42.571000
16.624000 28.401000 44.599000
15.941000 26.445000 47.806000
12.205000 26.315000 48.540000
11.600000 26.850000 52.302000
8.646000 28.144000 54.413000
11.119000 30.054000 56.675000
12.619000 32.172000 53.806000
11.533000 35.878000 53.933000
11.532000 35.969000 50.070000
8.069000 35.502000 48.511000
8.103000 33.547000 45.205000
5.977000 35.459000 42.626000
6.859000 33.754000 39.298000
8.651000 30.508000 38.351000
11.882000 30.842000 36.349000
12.045000 27.705000 34.147000
15.869000 28.204000 33.700000
16.437000 27.764000 37.497000
16.668000 24.636000 39.717000
14.194000 24.574000 42.643000
15.082000 22.455000 45.703000
12.616000 20.700000 48.054000
13.988000 19.304000 51.326000
13.553000 15.518000 51.443000
12.417000 15.661000 55.072000
9.361000 14.523000 57.079000
10.075000 17.061000 59.881000
6.974000 16.938000 62.263000
7.995000 20.623000 63.117000
11.181000 19.294000 64.903000
13.829000 20.848000 62.570000
12.291000 24.365000 62.244000
14.308000 26.632000 59.916000
16.781000 23.821000 58.968000
16.592000 24.086000 55.099000
16.588000 27.941000 55.357000
19.730000 27.816000 57.618000
21.582000 25.398000 55.220000
20.661000 27.496000 52.108000
21.781000 30.824000 53.741000
25.139000 29.273000 54.880000
25.865000 27.866000 51.361000
25.054000 31.309000 49.850000
22.286000 30.019000 47.516000
18.956000 31.807000 46.845000
15.846000 30.813000 48.846000
12.087000 31.531000 48.640000
8.758000 30.536000 50.239000
5.546000 29.651000 48.338000
3.106000 32.661000 48.162000
0.610000 30.960000 50.585000
-0.318000 34.417000 52.023000
-3.698000 34.402000 53.834000
-4.987000 31.185000 52.078000
-3.421000 28.929000 54.810000
10000.000000 10000.000000 10000.000000
10000.000000 10000.000000 10000.000000
10000.000000 10000.000000 10000.000000
10000.000000 10000.000000 10000.000000
2.031000 25.858000 60.613000
2.449000 26.855000 56.908000
4.912000 23.894000 56.456000
3.751000 21.661000 53.555000
4.544000 17.996000 52.729000
7.234000 17.140000 50.078000
4.607000 15.923000 47.504000
2.323000 18.966000 48.149000
5.132000 21.447000 47.192000
6.064000 19.293000 44.086000
2.400000 19.054000 42.910000
1.865000 22.868000 43.420000
4.889000 23.533000 41.055000
3.330000 21.182000 38.390000
-0.137000 22.796000 38.867000
1.310000 26.355000 38.570000
3.144000 25.428000 35.302000
-0.296000 24.358000 33.918000
-2.579000 27.138000 35.356000
-0.080000 30.062000 36.018000
-2.373000 30.883000 39.016000
-0.914000 30.315000 42.552000
-4.391000 30.575000 44.222000
-5.732000 27.808000 41.875000
-2.570000 25.641000 42.451000
-2.893000 25.705000 46.314000
-6.675000 25.060000 46.120000
-6.260000 21.956000 43.863000
-3.348000 20.333000 45.792000
-3.676000 21.285000 49.533000
-6.115000 19.168000 51.632000
-9.011000 20.969000 53.398000
-10.032000 20.542000 57.103000
