Score: 10.900000 390.000000 -2.591065
10000.000000 10000.000000 10000.000000
10000.000000 10000.000000 10000.000000
10000.000000 10000.000000 10000.000000
10000.000000 10000.000000 10000.000000
10000.000000 10000.000000 10000.000000
10000.000000 10000.000000 10000.000000
10000.000000 10000.000000 10000.000000
10000.000000 10000.000000 10000.000000
10000.000000 10000.000000 10000.000000
10000.000000 10000.000000 10000.000000
10000.000000 10000.000000 10000.000000
10000.000000 10000.000000 10000.000000
10000.000000 10000.000000 10000.000000
10000.000000 10000.000000 10000.000000
10000.000000 10000.000000 10000.000000
10000.000000 10000.000000 10000.000000
10000.000000 10000.000000 10000.000000
10000.000000 10000.000000 10000.000000
10000.000000 10000.000000 10000.000000
10000.000000 10000.000000 10000.000000
10000.000000 10000.000000 10000.000000
10000.000000 10000.000000 10000.000000
10000.000000 10000.000000 10000.000000
10000.000000 10000.000000 10000.000000
10000.000000 10000.000000 10000.000000
10000.000000 10000.000000 10000.000000
10000.000000 10000.000000 10000.000000
-69.416000 53.113000 76.175000
-68.211000 56.699000 76.910000
-66.789000 56.616000 73.360000
-70.171000 55.113000 72.096000
-72.154000 58.016000 73.739000
-70.551000 60.746000 71.692000
-71.441000 58.854000 68.585000
-75.072000 57.967000 69.588000
-75.697000 61.706000 70.010000
-74.311000 62.798000 66.690000
-76.106000 59.902000 65.110000
-79.437000 60.747000 66.659000
-78.825000 64.353000 65.901000
-78.684000 63.358000 62.280000
-81.802000 61.264000 62.630000
-83.995000 63.613000 64.682000
-83.658000 66.929000 62.878000
-84.879000 65.290000 59.735000
-88.132000 64.649000 61.271000
-88.970000 66.769000 58.358000
-90.098000 64.225000 56.156000
-87.494000 61.695000 55.192000
-87.885000 58.008000 54.766000
-85.264000 55.728000 56.211000
-84.405000 52.216000 55.162000
-83.295000 49.762000 57.794000
-81.760000 46.422000 57.049000
-80.632000 43.415000 59.058000
-80.077000 40.125000 57.206000
-78.472000 38.350000 60.158000
-80.632000 35.904000 62.181000
-79.872000 37.353000 65.628000
-80.596000 40.779000 64.321000
-88.890000 43.719000 61.694000
-90.558000 45.072000 64.817000
-88.761000 48.393000 64.913000
-89.377000 49.019000 61.179000
-93.242000 48.674000 61.343000
-93.244000 50.846000 64.536000
-91.898000 53.864000 62.594000
-93.376000 52.871000 59.125000
-89.875000 53.007000 57.716000
-89.112000 50.397000 55.121000
-85.487000 41.263000 57.131000
-84.851000 38.761000 54.364000
-82.025000 38.429000 51.945000
-81.286000 41.836000 50.624000
-81.880000 41.390000 46.967000
-79.376000 43.759000 44.963000
-80.238000 46.271000 43.090000
-82.585000 47.368000 45.726000
-81.208000 50.870000 45.761000
-79.497000 50.214000 42.504000
-82.809000 49.131000 41.059000
-85.217000 51.394000 42.827000
-88.225000 50.188000 40.873000
-88.887000 47.437000 43.384000
-87.978000 49.590000 46.410000
-90.240000 52.197000 48.103000
-91.297000 54.943000 45.750000
-88.724000 57.383000 46.929000
-85.119000 56.402000 47.341000
-84.156000 56.497000 50.932000
-82.663000 59.663000 52.127000
-80.403000 57.432000 54.232000
-80.142000 53.854000 55.450000
-79.441000 52.405000 58.863000
-77.971000 48.987000 59.290000
-76.723000 46.545000 61.891000
-73.617000 44.732000 60.675000
-72.373000 46.815000 57.856000
-69.725000 44.311000 56.861000
-72.175000 41.618000 56.045000
-74.640000 44.032000 54.547000
-71.821000 45.767000 52.737000
-73.405000 44.674000 49.531000
-76.255000 47.084000 50.164000
-72.056000 49.622000 48.427000
-75.126000 50.219000 46.303000
-75.959000 53.035000 48.647000
-72.516000 54.507000 48.156000
-72.625000 54.552000 44.430000
-76.057000 56.229000 44.675000
-75.052000 58.812000 47.183000
-77.264000 58.077000 50.084000
-76.230000 58.728000 53.650000
-75.121000 55.605000 55.428000
-75.644000 55.237000 59.102000
-75.228000 51.967000 60.940000
10000.000000 10000.000000 10000.000000
-74.506000 50.165000 64.180000
-71.145000 48.583000 63.522000
-69.000000 46.616000 65.830000
-65.211000 45.915000 65.680000
-65.742000 43.481000 62.748000
-65.877000 46.251000 60.222000
-63.969000 49.351000 59.009000
10000.000000 10000.000000 10000.000000
10000.000000 10000.000000 10000.000000
10000.000000 10000.000000 10000.000000
10000.000000 10000.000000 10000.000000
10000.000000 10000.000000 10000.000000
10000.000000 10000.000000 10000.000000
10000.000000 10000.000000 10000.000000
10000.000000 10000.000000 10000.000000
10000.000000 10000.000000 10000.000000
10000.000000 10000.000000 10000.000000
10000.000000 10000.000000 10000.000000
10000.000000 10000.000000 10000.000000
10000.000000 10000.000000 10000.000000
10000.000000 10000.000000 10000.000000
10000.000000 10000.000000 10000.000000
10000.000000 10000.000000 10000.000000
10000.000000 10000.000000 10000.000000
10000.000000 10000.000000 10000.000000
10000.000000 10000.000000 10000.000000
10000.000000 10000.000000 10000.000000
10000.000000 10000.000000 10000.000000
10000.000000 10000.000000 10000.000000
10000.000000 10000.000000 10000.000000
10000.000000 10000.000000 10000.000000
10000.000000 10000.000000 10000.000000
10000.000000 10000.000000 10000.000000
10000.000000 10000.000000 10000.000000
10000.000000 10000.000000 10000.000000
10000.000000 10000.000000 10000.000000
10000.000000 10000.000000 10000.000000
10000.000000 10000.000000 10000.000000
10000.000000 10000.000000 10000.000000
10000.000000 10000.000000 10000.000000
10000.000000 10000.000000 10000.000000
10000.000000 10000.000000 10000.000000
10000.000000 10000.000000 10000.000000
10000.000000 10000.000000 10000.000000
10000.000000 10000.000000 10000.000000
10000.000000 10000.000000 10000.000000
10000.000000 10000.000000 10000.000000
10000.000000 10000.000000 10000.000000
10000.000000 10000.000000 10000.000000
10000.000000 10000.000000 10000.000000
10000.000000 10000.000000 10000.000000
10000.000000 10000.000000 10000.000000
10000.000000 10000.000000 10000.000000
10000.000000 10000.000000 10000.000000
10000.000000 10000.000000 10000.000000
10000.000000 10000.000000 10000.000000
10000.000000 10000.000000 10000.000000
10000.000000 10000.000000 10000.000000
10000.000000 10000.000000 10000.000000
10000.000000 10000.000000 10000.000000
10000.000000 10000.000000 10000.000000
10000.000000 10000.000000 10000.000000
10000.000000 10000.000000 10000.000000
10000.000000 10000.000000 10000.000000
10000.000000 10000.000000 10000.000000
10000.000000 10000.000000 10000.000000
10000.000000 10000.000000 10000.000000
10000.000000 10000.000000 10000.000000
