Score: 16.500000 48.000000 -1.681241
10000.000000 10000.000000 10000.000000
10000.000000 10000.000000 10000.000000
10000.000000 10000.000000 10000.000000
10000.000000 10000.000000 10000.000000
10000.000000 10000.000000 10000.000000
10000.000000 10000.000000 10000.000000
10000.000000 10000.000000 10000.000000
10000.000000 10000.000000 10000.000000
10000.000000 10000.000000 10000.000000
10000.000000 10000.000000 10000.000000
10000.000000 10000.000000 10000.000000
10000.000000 10000.000000 10000.000000
10000.000000 10000.000000 10000.000000
10000.000000 10000.000000 10000.000000
10000.000000 10000.000000 10000.000000
10000.000000 10000.000000 10000.000000
10000.000000 10000.000000 10000.000000
10000.000000 10000.000000 10000.000000
10000.000000 10000.000000 10000.000000
10000.000000 10000.000000 10000.000000
10000.000000 10000.000000 10000.000000
10000.000000 10000.000000 10000.000000
10000.000000 10000.000000 10000.000000
10000.000000 10000.000000 10000.000000
10000.000000 10000.000000 10000.000000
10000.000000 10000.000000 10000.000000
19.254000 38.406000 44.814000
21.174000 41.284000 46.459000
23.992000 41.073000 43.910000
21.374000 42.266000 41.386000
20.228000 44.993000 43.815000
23.842000 46.220000 43.995000
24.503000 46.058000 40.223000
21.305000 47.998000 39.469000
22.001000 50.578000 42.187000
25.327000 51.269000 40.407000
23.675000 51.403000 36.972000
21.060000 53.831000 38.365000
23.751000 56.008000 40.047000
25.662000 56.142000 36.746000
22.532000 57.296000 34.861000
21.774000 59.906000 37.537000
25.357000 61.223000 37.474000
25.183000 61.660000 33.655000
22.506000 64.374000 34.093000
24.581000 67.542000 33.832000
22.313000 69.758000 35.952000
21.543000 67.866000 39.232000
18.142000 69.598000 39.575000
16.993000 67.896000 36.339000
16.778000 64.595000 38.253000
13.406000 64.299000 40.024000
13.000000 61.942000 42.955000
9.597000 60.822000 44.096000
7.701000 59.117000 46.911000
3.938000 59.474000 47.375000
4.112000 56.990000 50.279000
5.133000 58.388000 53.671000
7.669000 55.534000 53.875000
9.961000 57.165000 51.269000
9.227000 60.882000 51.772000
17.438000 63.649000 52.175000
18.600000 62.217000 48.810000
17.667000 65.550000 47.165000
19.477000 67.623000 49.822000
22.570000 65.451000 49.404000
22.712000 65.296000 45.595000
20.955000 68.429000 44.279000
18.023000 66.480000 42.776000
14.456000 67.879000 42.872000
7.397000 63.989000 48.421000
3.714000 63.260000 48.948000
1.005000 64.199000 46.456000
1.868000 64.290000 42.773000
-0.731000 66.428000 41.004000
-1.863000 64.694000 37.786000
-0.594000 66.690000 34.784000
2.653000 67.801000 36.481000
4.560000 66.121000 33.634000
1.924000 66.016000 30.834000
0.561000 69.591000 31.159000
3.489000 71.291000 29.463000
3.537000 74.531000 27.525000
7.170000 74.444000 26.341000
8.408000 71.807000 23.925000
11.939000 73.115000 24.489000
14.203000 72.212000 27.452000
11.755000 69.758000 29.026000
12.319000 69.009000 32.687000
12.810000 66.711000 34.505000
15.307000 64.810000 32.350000
15.268000 61.765000 34.656000
12.730000 60.376000 37.119000
13.471000 58.128000 40.125000
10.499000 56.700000 42.083000
10.112000 54.688000 45.282000
7.297000 52.293000 44.298000
5.917000 51.789000 40.762000
2.531000 50.780000 42.222000
2.091000 53.770000 44.575000
3.921000 56.140000 42.192000
2.155000 54.942000 39.029000
0.968000 58.464000 38.082000
4.421000 60.096000 37.519000
2.753000 56.791000 33.430000
3.052000 60.523000 32.712000
6.794000 59.954000 32.190000
6.074000 57.344000 29.477000
3.734000 59.823000 27.713000
6.522000 62.435000 27.531000
9.537000 60.110000 26.940000
11.003000 60.809000 30.386000
13.386000 57.938000 31.363000
12.635000 56.327000 34.719000
14.307000 54.442000 37.546000
12.405000 52.689000 40.307000
10000.000000 10000.000000 10000.000000
12.922000 50.655000 43.409000
11.095000 47.468000 42.433000
9.708000 44.682000 44.576000
9.009000 41.169000 43.224000
5.385000 42.050000 42.361000
6.161000 45.565000 41.061000
4.901000 46.320000 37.575000
5.808000 48.486000 32.439000
6.867000 52.119000 32.975000
10.266000 51.401000 34.556000
13.441000 51.699000 32.409000
10000.000000 10000.000000 10000.000000
10000.000000 10000.000000 10000.000000
10000.000000 10000.000000 10000.000000
10000.000000 10000.000000 10000.000000
10000.000000 10000.000000 10000.000000
10000.000000 10000.000000 10000.000000
10000.000000 10000.000000 10000.000000
10000.000000 10000.000000 10000.000000
10000.000000 10000.000000 10000.000000
10000.000000 10000.000000 10000.000000
10000.000000 10000.000000 10000.000000
10000.000000 10000.000000 10000.000000
10000.000000 10000.000000 10000.000000
10000.000000 10000.000000 10000.000000
10000.000000 10000.000000 10000.000000
10000.000000 10000.000000 10000.000000
10000.000000 10000.000000 10000.000000
10000.000000 10000.000000 10000.000000
10000.000000 10000.000000 10000.000000
10000.000000 10000.000000 10000.000000
10000.000000 10000.000000 10000.000000
10000.000000 10000.000000 10000.000000
10000.000000 10000.000000 10000.000000
10000.000000 10000.000000 10000.000000
10000.000000 10000.000000 10000.000000
10000.000000 10000.000000 10000.000000
10000.000000 10000.000000 10000.000000
10000.000000 10000.000000 10000.000000
10000.000000 10000.000000 10000.000000
10000.000000 10000.000000 10000.000000
10000.000000 10000.000000 10000.000000
10000.000000 10000.000000 10000.000000
10000.000000 10000.000000 10000.000000
10000.000000 10000.000000 10000.000000
10000.000000 10000.000000 10000.000000
10000.000000 10000.000000 10000.000000
10000.000000 10000.000000 10000.000000
10000.000000 10000.000000 10000.000000
10000.000000 10000.000000 10000.000000
10000.000000 10000.000000 10000.000000
10000.000000 10000.000000 10000.000000
10000.000000 10000.000000 10000.000000
10000.000000 10000.000000 10000.000000
10000.000000 10000.000000 10000.000000
10000.000000 10000.000000 10000.000000
10000.000000 10000.000000 10000.000000
10000.000000 10000.000000 10000.000000
10000.000000 10000.000000 10000.000000
10000.000000 10000.000000 10000.000000
10000.000000 10000.000000 10000.000000
10000.000000 10000.000000 10000.000000
10000.000000 10000.000000 10000.000000
10000.000000 10000.000000 10000.000000
10000.000000 10000.000000 10000.000000
10000.000000 10000.000000 10000.000000
10000.000000 10000.000000 10000.000000
10000.000000 10000.000000 10000.000000
