Score: 8.870000 840.000000 -2.924279
10000.000000 10000.000000 10000.000000
10000.000000 10000.000000 10000.000000
10000.000000 10000.000000 10000.000000
10000.000000 10000.000000 10000.000000
10000.000000 10000.000000 10000.000000
10000.000000 10000.000000 10000.000000
10000.000000 10000.000000 10000.000000
10000.000000 10000.000000 10000.000000
10000.000000 10000.000000 10000.000000
15.153000 43.875000 39.811000
18.807000 43.650000 40.682000
21.094000 46.392000 41.985000
24.812000 46.337000 41.134000
27.208000 48.436000 43.178000
30.378000 48.584000 41.370000
33.951000 49.076000 42.563000
33.005000 51.144000 45.679000
36.280000 50.087000 47.333000
38.892000 52.063000 49.261000
41.551000 52.214000 46.384000
38.827000 53.862000 44.122000
37.130000 56.053000 46.653000
39.381000 57.490000 49.417000
40.898000 60.913000 48.632000
37.959000 58.722000 41.457000
37.396000 62.369000 42.541000
33.613000 62.188000 42.466000
33.173000 58.780000 44.182000
33.111000 59.780000 47.883000
30.411000 62.420000 47.328000
28.078000 59.765000 46.020000
28.198000 57.366000 49.020000
24.957000 58.767000 50.569000
22.936000 58.244000 47.396000
24.403000 54.742000 46.890000
23.420000 54.006000 50.478000
19.949000 55.226000 49.820000
19.728000 53.079000 46.770000
21.027000 50.049000 48.674000
18.463000 50.660000 51.453000
15.730000 50.854000 48.805000
16.899000 47.532000 47.287000
16.791000 45.835000 50.604000
13.307000 47.262000 51.451000
11.999000 46.054000 48.096000
13.610000 42.598000 48.188000
15.728000 43.313000 45.076000
18.862000 41.258000 44.507000
22.030000 43.075000 45.492000
25.343000 42.440000 43.742000
28.496000 44.096000 45.075000
30.784000 43.953000 42.114000
34.427000 44.413000 43.125000
38.068000 43.894000 42.033000
40.234000 41.456000 44.048000
43.290000 41.331000 41.866000
45.908000 38.541000 42.187000
49.025000 39.904000 43.973000
51.213000 38.834000 40.980000
49.435000 41.192000 38.522000
48.479000 38.183000 36.325000
44.774000 39.261000 36.151000
45.461000 43.023000 36.122000
44.512000 44.987000 32.941000
47.525000 45.325000 30.662000
47.436000 49.154000 31.292000
47.868000 48.439000 35.030000
50.100000 45.364000 35.319000
53.275000 47.414000 36.063000
51.712000 48.548000 39.418000
51.949000 44.998000 40.780000
55.683000 45.404000 41.607000
56.399000 45.349000 44.418000
53.945000 44.392000 45.545000
10000.000000 10000.000000 10000.000000
50.990000 46.684000 45.936000
48.870000 47.322000 42.876000
45.225000 48.145000 42.836000
42.521000 46.331000 44.842000
44.843000 43.475000 45.663000
42.803000 40.528000 47.040000
42.406000 40.681000 50.834000
44.038000 44.079000 51.350000
42.432000 49.021000 49.675000
40.283000 46.144000 48.227000
37.656000 46.480000 50.994000
34.164000 47.890000 50.197000
28.967000 46.876000 53.466000
27.140000 43.865000 52.120000
24.508000 42.207000 54.210000
24.093000 38.604000 54.751000
23.825000 39.527000 49.171000
26.139000 38.535000 46.394000
29.792000 39.681000 46.112000
31.057000 39.156000 42.531000
33.593000 39.852000 31.227000
35.163000 36.560000 32.413000
32.587000 36.230000 35.218000
29.498000 34.356000 36.220000
27.436000 37.676000 36.487000
24.923000 36.774000 33.722000
24.446000 33.258000 35.118000
23.699000 34.737000 38.638000
21.190000 37.215000 37.226000
19.418000 34.599000 35.077000
19.176000 32.164000 38.025000
17.292000 34.897000 39.902000
15.103000 35.658000 36.861000
16.327000 39.271000 36.733000
15.034000 41.412000 33.912000
16.010000 44.902000 35.209000
19.499000 45.905000 36.257000
20.281000 49.098000 38.265000
23.853000 50.351000 37.963000
25.689000 52.301000 40.605000
29.246000 52.828000 41.628000
32.404000 54.020000 39.876000
33.568000 55.112000 37.380000
31.265000 56.353000 34.539000
33.438000 55.743000 31.434000
34.949000 52.405000 32.510000
33.210000 49.918000 34.812000
29.843000 51.799000 34.904000
10000.000000 10000.000000 10000.000000
10000.000000 10000.000000 10000.000000
29.505000 52.120000 31.154000
31.122000 48.740000 30.382000
28.726000 46.944000 32.659000
25.586000 48.903000 31.592000
26.262000 48.520000 27.861000
26.911000 44.751000 28.231000
23.725000 44.302000 30.218000
21.843000 46.258000 27.587000
23.258000 43.974000 24.877000
22.188000 40.968000 26.955000
18.562000 42.211000 26.886000
18.336000 43.525000 30.403000
16.349000 46.653000 30.983000
19.079000 48.924000 32.380000
10000.000000 10000.000000 10000.000000
10000.000000 10000.000000 10000.000000
10000.000000 10000.000000 10000.000000
10000.000000 10000.000000 10000.000000
10000.000000 10000.000000 10000.000000
10000.000000 10000.000000 10000.000000
10000.000000 10000.000000 10000.000000
10000.000000 10000.000000 10000.000000
10000.000000 10000.000000 10000.000000
10000.000000 10000.000000 10000.000000
10000.000000 10000.000000 10000.000000
10000.000000 10000.000000 10000.000000
10000.000000 10000.000000 10000.000000
10000.000000 10000.000000 10000.000000
10000.000000 10000.000000 10000.000000
10000.000000 10000.000000 10000.000000
10000.000000 10000.000000 10000.000000
10000.000000 10000.000000 10000.000000
10000.000000 10000.000000 10000.000000
10000.000000 10000.000000 10000.000000
10000.000000 10000.000000 10000.000000
10000.000000 10000.000000 10000.000000
10000.000000 10000.000000 10000.000000
10000.000000 10000.000000 10000.000000
10000.000000 10000.000000 10000.000000
10000.000000 10000.000000 10000.000000
10000.000000 10000.000000 10000.000000
10000.000000 10000.000000 10000.000000
10000.000000 10000.000000 10000.000000
10000.000000 10000.000000 10000.000000
10000.000000 10000.000000 10000.000000
10000.000000 10000.000000 10000.000000
10000.000000 10000.000000 10000.000000
10000.000000 10000.000000 10000.000000
10000.000000 10000.000000 10000.000000
10000.000000 10000.000000 10000.000000
10000.000000 10000.000000 10000.000000
10000.000000 10000.000000 10000.000000
10000.000000 10000.000000 10000.000000
10000.000000 10000.000000 10000.000000
10000.000000 10000.000000 10000.000000
10000.000000 10000.000000 10000.000000
10000.000000 10000.000000 10000.000000
10000.000000 10000.000000 10000.000000
10000.000000 10000.000000 10000.000000
10000.000000 10000.000000 10000.000000
