Score: 23.500000 75.000000 -1.875061
10000.000000 10000.000000 10000.000000
10000.000000 10000.000000 10000.000000
10000.000000 10000.000000 10000.000000
10000.000000 10000.000000 10000.000000
10000.000000 10000.000000 10000.000000
10000.000000 10000.000000 10000.000000
10000.000000 10000.000000 10000.000000
10000.000000 10000.000000 10000.000000
10000.000000 10000.000000 10000.000000
10000.000000 10000.000000 10000.000000
10000.000000 10000.000000 10000.000000
10000.000000 10000.000000 10000.000000
10000.000000 10000.000000 10000.000000
10000.000000 10000.000000 10000.000000
24.874000 2.408000 144.134000
24.769000 -0.315000 141.474000
28.233000 0.634000 140.211000
29.564000 0.815000 143.768000
28.395000 -2.698000 144.650000
29.658000 -4.184000 141.377000
33.001000 -2.438000 141.905000
33.180000 -3.866000 145.426000
32.759000 -7.402000 144.112000
35.319000 -6.797000 141.348000
37.750000 -5.455000 143.955000
37.359000 -8.623000 145.990000
38.038000 -10.695000 142.872000
41.122000 -8.690000 141.861000
50.196000 -22.785000 145.271000
48.911000 -24.920000 142.425000
46.071000 -25.288000 144.923000
44.992000 -21.864000 143.672000
46.544000 -21.697000 140.213000
45.084000 -24.971000 138.918000
41.664000 -24.270000 140.441000
41.359000 -20.577000 139.473000
38.472000 -20.985000 137.001000
32.021000 -18.555000 141.743000
32.353000 -14.791000 141.386000
30.278000 -14.994000 138.202000
27.563000 -16.866000 140.110000
27.722000 -14.177000 142.785000
27.258000 -11.513000 140.102000
24.243000 -13.331000 138.657000
22.826000 -13.727000 142.159000
23.328000 -10.007000 142.757000
21.451000 -9.309000 139.523000
18.747000 -11.691000 140.734000
19.126000 -14.028000 137.759000
19.467000 -17.246000 139.764000
18.095000 -17.170000 143.300000
19.713000 -20.285000 144.752000
22.903000 -19.356000 146.594000
22.984000 -22.448000 148.804000
23.233000 -25.023000 146.009000
25.831000 -22.885000 144.221000
28.142000 -22.534000 147.219000
27.596000 -26.154000 148.280000
28.491000 -27.515000 144.841000
31.465000 -25.151000 144.733000
32.852000 -26.397000 148.051000
32.172000 -30.010000 147.080000
34.089000 -29.938000 143.796000
36.782000 -27.739000 145.334000
37.233000 -30.329000 148.077000
37.496000 -32.998000 145.381000
40.256000 -31.259000 143.417000
42.062000 -30.020000 146.547000
42.163000 -33.480000 148.117000
43.394000 -34.874000 144.811000
46.192000 -32.280000 144.877000
47.035000 -32.658000 148.574000
47.529000 -36.379000 147.962000
48.939000 -36.466000 144.390000
50.315000 -40.024000 144.519000
47.081000 -41.470000 145.907000
44.740000 -42.997000 143.329000
10000.000000 10000.000000 10000.000000
10000.000000 10000.000000 10000.000000
41.131000 -41.912000 143.788000
38.543000 -43.796000 141.621000
35.898000 -41.105000 142.476000
33.894000 -43.672000 144.423000
36.416000 -42.807000 147.110000
35.744000 -39.169000 146.194000
32.009000 -39.596000 146.840000
32.697000 -41.312000 150.154000
35.128000 -38.503000 150.975000
32.402000 -36.017000 150.133000
30.196000 -37.852000 152.614000
10000.000000 10000.000000 10000.000000
32.872000 -37.720000 155.344000
33.130000 -33.986000 154.664000
29.885000 -32.786000 156.283000
30.747000 -34.532000 159.551000
34.458000 -33.651000 159.520000
34.268000 -29.931000 158.618000
37.180000 -29.892000 156.123000
33.408000 -22.428000 159.670000
34.302000 -20.417000 156.561000
31.698000 -21.844000 154.150000
28.855000 -21.319000 156.648000
29.969000 -17.806000 157.592000
30.268000 -16.996000 153.903000
10000.000000 10000.000000 10000.000000
26.859000 -18.453000 153.033000
24.988000 -16.550000 155.746000
26.817000 -13.243000 155.350000
26.882000 -13.162000 151.540000
23.199000 -14.108000 151.412000
22.196000 -11.294000 153.768000
24.471000 -8.638000 152.246000
23.617000 -9.458000 148.630000
19.859000 -9.498000 149.231000
10000.000000 10000.000000 10000.000000
10000.000000 10000.000000 10000.000000
10000.000000 10000.000000 10000.000000
10000.000000 10000.000000 10000.000000
10000.000000 10000.000000 10000.000000
10000.000000 10000.000000 10000.000000
10000.000000 10000.000000 10000.000000
10000.000000 10000.000000 10000.000000
10000.000000 10000.000000 10000.000000
10000.000000 10000.000000 10000.000000
10000.000000 10000.000000 10000.000000
10000.000000 10000.000000 10000.000000
10000.000000 10000.000000 10000.000000
10000.000000 10000.000000 10000.000000
10000.000000 10000.000000 10000.000000
10000.000000 10000.000000 10000.000000
10000.000000 10000.000000 10000.000000
10000.000000 10000.000000 10000.000000
10000.000000 10000.000000 10000.000000
10000.000000 10000.000000 10000.000000
10000.000000 10000.000000 10000.000000
10000.000000 10000.000000 10000.000000
10000.000000 10000.000000 10000.000000
10000.000000 10000.000000 10000.000000
10000.000000 10000.000000 10000.000000
10000.000000 10000.000000 10000.000000
10000.000000 10000.000000 10000.000000
10000.000000 10000.000000 10000.000000
10000.000000 10000.000000 10000.000000
10000.000000 10000.000000 10000.000000
10000.000000 10000.000000 10000.000000
10000.000000 10000.000000 10000.000000
10000.000000 10000.000000 10000.000000
10000.000000 10000.000000 10000.000000
10000.000000 10000.000000 10000.000000
10000.000000 10000.000000 10000.000000
10000.000000 10000.000000 10000.000000
10000.000000 10000.000000 10000.000000
10000.000000 10000.000000 10000.000000
10000.000000 10000.000000 10000.000000
10000.000000 10000.000000 10000.000000
10000.000000 10000.000000 10000.000000
10000.000000 10000.000000 10000.000000
10000.000000 10000.000000 10000.000000
10000.000000 10000.000000 10000.000000
10000.000000 10000.000000 10000.000000
10000.000000 10000.000000 10000.000000
10000.000000 10000.000000 10000.000000
10000.000000 10000.000000 10000.000000
10000.000000 10000.000000 10000.000000
10000.000000 10000.000000 10000.000000
10000.000000 10000.000000 10000.000000
10000.000000 10000.000000 10000.000000
10000.000000 10000.000000 10000.000000
10000.000000 10000.000000 10000.000000
10000.000000 10000.000000 10000.000000
10000.000000 10000.000000 10000.000000
10000.000000 10000.000000 10000.000000
10000.000000 10000.000000 10000.000000
10000.000000 10000.000000 10000.000000
10000.000000 10000.000000 10000.000000
10000.000000 10000.000000 10000.000000
10000.000000 10000.000000 10000.000000
10000.000000 10000.000000 10000.000000
10000.000000 10000.000000 10000.000000
10000.000000 10000.000000 10000.000000
10000.000000 10000.000000 10000.000000
10000.000000 10000.000000 10000.000000
10000.000000 10000.000000 10000.000000
10000.000000 10000.000000 10000.000000
10000.000000 10000.000000 10000.000000
