Score: 13.130000 170.000000 -2.230449
10000.000000 10000.000000 10000.000000
10000.000000 10000.000000 10000.000000
10000.000000 10000.000000 10000.000000
10000.000000 10000.000000 10000.000000
10000.000000 10000.000000 10000.000000
10000.000000 10000.000000 10000.000000
10000.000000 10000.000000 10000.000000
10000.000000 10000.000000 10000.000000
10000.000000 10000.000000 10000.000000
-31.977000 -6.032000 -33.435000
-33.091000 -7.838000 -30.294000
-30.367000 -10.494000 -30.442000
-27.623000 -10.362000 -27.814000
-24.410000 -9.048000 -29.426000
-21.148000 -9.980000 -27.682000
-17.458000 -9.392000 -28.569000
-15.312000 -12.280000 -29.709000
-13.121000 -13.701000 -26.886000
-10.909000 -15.933000 -29.035000
-8.468000 -16.996000 -26.313000
-11.252000 -18.554000 -24.337000
-12.521000 -20.430000 -27.411000
10000.000000 10000.000000 10000.000000
10000.000000 10000.000000 10000.000000
10000.000000 10000.000000 10000.000000
-8.924000 -21.644000 -28.028000
-8.798000 -22.953000 -24.470000
-12.026000 -24.857000 -24.883000
-10.757000 -26.126000 -28.206000
-7.432000 -27.218000 -26.735000
-9.132000 -29.199000 -23.962000
-11.547000 -30.893000 -26.319000
-8.819000 -31.882000 -28.813000
-6.944000 -33.328000 -25.852000
-9.962000 -35.478000 -24.981000
-10.286000 -36.621000 -28.606000
-6.604000 -37.512000 -28.871000
-6.881000 -40.269000 -26.265000
-9.524000 -42.090000 -28.343000
-7.523000 -42.079000 -31.558000
-4.728000 -44.066000 -33.101000
-3.933000 -40.772000 -34.879000
-5.544000 -37.311000 -34.821000
-8.016000 -29.333000 -38.851000
-9.124000 -26.048000 -37.307000
-10.080000 -24.517000 -33.973000
-13.253000 -26.571000 -33.956000
-12.786000 -29.717000 -35.968000
-10.644000 -32.824000 -36.054000
-10.247000 -36.178000 -37.822000
-9.565000 -39.268000 -35.766000
-8.176000 -42.521000 -37.146000
-9.657000 -45.136000 -34.796000
-9.106000 -48.183000 -37.016000
-6.845000 -50.011000 -34.587000
-8.549000 -48.567000 -31.503000
-10.090000 -53.565000 -34.184000
-19.890000 -50.764000 -35.498000
-20.153000 -46.790000 -30.405000
-16.831000 -44.982000 -29.891000
-18.305000 -41.947000 -31.617000
-21.288000 -41.980000 -29.245000
-18.964000 -42.218000 -26.256000
-16.940000 -39.325000 -27.620000
-19.996000 -37.048000 -27.883000
-21.105000 -38.070000 -24.414000
-17.727000 -37.290000 -22.868000
-17.377000 -33.880000 -24.483000
-20.888000 -33.010000 -23.331000
-20.258000 -34.238000 -19.769000
-17.245000 -29.316000 -21.250000
-21.010000 -28.974000 -21.759000
-20.351000 -28.643000 -25.521000
-22.506000 -30.408000 -28.140000
-20.730000 -31.548000 -31.300000
-21.610000 -33.204000 -34.563000
-19.758000 -36.319000 -35.514000
-19.400000 -38.291000 -38.748000
-18.105000 -41.853000 -38.987000
-16.899000 -43.196000 -42.367000
-14.164000 -45.115000 -44.222000
-12.346000 -41.868000 -45.101000
-11.950000 -38.229000 -44.025000
-13.971000 -36.684000 -46.774000
-17.082000 -38.851000 -46.328000
-22.253000 -31.746000 -42.251000
-25.511000 -33.489000 -43.183000
-26.265000 -34.289000 -39.535000
-25.832000 -30.855000 -37.852000
-26.569000 -29.884000 -35.179000
-25.683000 -32.339000 -32.423000
-25.598000 -35.154000 -34.940000
-23.963000 -38.504000 -35.415000
-23.733000 -39.291000 -39.097000
-22.688000 -42.655000 -40.462000
-21.669000 -44.055000 -43.844000
-20.755000 -47.741000 -43.781000
-18.248000 -49.254000 -46.177000
-21.148000 -50.982000 -47.934000
-23.139000 -47.738000 -48.360000
-20.961000 -46.304000 -53.604000
-24.681000 -45.597000 -53.370000
-23.886000 -42.527000 -51.284000
-21.403000 -41.151000 -53.831000
-23.823000 -41.836000 -56.646000
-26.423000 -39.600000 -55.048000
-24.269000 -36.804000 -53.634000
-24.991000 -33.249000 -54.886000
-22.118000 -31.193000 -56.210000
-22.747000 -28.304000 -53.829000
-22.490000 -30.697000 -50.864000
-18.818000 -31.366000 -51.506000
-16.252000 -29.843000 -49.170000
-14.010000 -27.454000 -51.021000
-16.498000 -26.575000 -53.744000
-17.648000 -23.056000 -52.989000
10000.000000 10000.000000 10000.000000
10000.000000 10000.000000 10000.000000
10000.000000 10000.000000 10000.000000
10000.000000 10000.000000 10000.000000
10000.000000 10000.000000 10000.000000
10000.000000 10000.000000 10000.000000
10000.000000 10000.000000 10000.000000
10000.000000 10000.000000 10000.000000
10000.000000 10000.000000 10000.000000
-20.915000 -21.429000 -54.071000
-19.540000 -19.803000 -57.233000
-17.863000 -22.851000 -58.672000
-20.764000 -25.054000 -57.751000
-23.045000 -22.904000 -59.926000
-20.497000 -22.799000 -62.756000
-20.291000 -26.641000 -62.775000
-24.079000 -26.616000 -62.307000
-24.363000 -24.355000 -65.347000
-22.505000 -26.981000 -67.320000
-24.909000 -29.765000 -66.321000
-22.814000 -31.060000 -63.437000
-25.413000 -31.273000 -60.663000
-24.253000 -34.442000 -58.922000
-20.852000 -35.823000 -58.048000
10000.000000 10000.000000 10000.000000
10000.000000 10000.000000 10000.000000
10000.000000 10000.000000 10000.000000
10000.000000 10000.000000 10000.000000
10000.000000 10000.000000 10000.000000
10000.000000 10000.000000 10000.000000
10000.000000 10000.000000 10000.000000
10000.000000 10000.000000 10000.000000
10000.000000 10000.000000 10000.000000
10000.000000 10000.000000 10000.000000
10000.000000 10000.000000 10000.000000
10000.000000 10000.000000 10000.000000
10000.000000 10000.000000 10000.000000
10000.000000 10000.000000 10000.000000
10000.000000 10000.000000 10000.000000
10000.000000 10000.000000 10000.000000
10000.000000 10000.000000 10000.000000
10000.000000 10000.000000 10000.000000
10000.000000 10000.000000 10000.000000
10000.000000 10000.000000 10000.000000
10000.000000 10000.000000 10000.000000
10000.000000 10000.000000 10000.000000
10000.000000 10000.000000 10000.000000
10000.000000 10000.000000 10000.000000
10000.000000 10000.000000 10000.000000
10000.000000 10000.000000 10000.000000
10000.000000 10000.000000 10000.000000
10000.000000 10000.000000 10000.000000
10000.000000 10000.000000 10000.000000
10000.000000 10000.000000 10000.000000
10000.000000 10000.000000 10000.000000
10000.000000 10000.000000 10000.000000
10000.000000 10000.000000 10000.000000
10000.000000 10000.000000 10000.000000
10000.000000 10000.000000 10000.000000
10000.000000 10000.000000 10000.000000
10000.000000 10000.000000 10000.000000
10000.000000 10000.000000 10000.000000
10000.000000 10000.000000 10000.000000
10000.000000 10000.000000 10000.000000
10000.000000 10000.000000 10000.000000
10000.000000 10000.000000 10000.000000
10000.000000 10000.000000 10000.000000
10000.000000 10000.000000 10000.000000
10000.000000 10000.000000 10000.000000
