Score: 23.500000 75.000000 -1.875061
10000.000000 10000.000000 10000.000000
10000.000000 10000.000000 10000.000000
10000.000000 10000.000000 10000.000000
10000.000000 10000.000000 10000.000000
10000.000000 10000.000000 10000.000000
10000.000000 10000.000000 10000.000000
10000.000000 10000.000000 10000.000000
10000.000000 10000.000000 10000.000000
10000.000000 10000.000000 10000.000000
10000.000000 10000.000000 10000.000000
10000.000000 10000.000000 10000.000000
10000.000000 10000.000000 10000.000000
10000.000000 10000.000000 10000.000000
10000.000000 10000.000000 10000.000000
26.292000 2.131000 139.713000
26.118000 -0.536000 136.995000
29.530000 0.352000 135.566000
30.919000 0.484000 139.101000
29.731000 -3.029000 139.999000
30.963000 -4.442000 136.688000
34.282000 -2.696000 137.363000
34.452000 -4.319000 140.795000
33.993000 -7.756000 139.255000
36.510000 -7.122000 136.454000
39.033000 -5.770000 138.974000
38.579000 -8.918000 141.045000
39.294000 -11.029000 137.965000
42.370000 -8.949000 137.073000
51.596000 -23.628000 140.953000
50.262000 -25.150000 137.735000
47.118000 -25.846000 139.776000
45.849000 -22.451000 138.615000
47.480000 -22.231000 135.182000
45.795000 -25.267000 133.614000
42.547000 -24.622000 135.504000
42.176000 -21.016000 134.286000
39.165000 -21.806000 132.076000
33.056000 -18.885000 137.070000
33.437000 -15.117000 136.744000
31.364000 -15.331000 133.563000
28.545000 -17.096000 135.419000
28.844000 -14.458000 138.143000
28.406000 -11.747000 135.513000
25.377000 -13.611000 134.162000
24.030000 -13.830000 137.715000
24.477000 -10.087000 138.223000
22.533000 -9.380000 135.026000
19.773000 -11.766000 136.081000
20.334000 -14.316000 133.319000
20.491000 -17.282000 135.695000
19.140000 -16.696000 139.197000
20.589000 -19.855000 140.751000
23.982000 -19.232000 142.357000
24.243000 -22.315000 144.580000
24.247000 -25.044000 141.916000
26.860000 -23.204000 139.845000
29.217000 -22.748000 142.794000
28.736000 -26.311000 144.057000
29.403000 -27.707000 140.579000
32.461000 -25.465000 140.302000
33.861000 -26.763000 143.596000
33.070000 -30.326000 142.522000
34.994000 -30.173000 139.245000
37.709000 -28.087000 140.898000
38.332000 -30.698000 143.585000
38.166000 -33.354000 140.865000
40.881000 -31.842000 138.671000
43.019000 -30.494000 141.526000
43.076000 -33.727000 143.537000
43.677000 -35.653000 140.314000
46.654000 -33.382000 139.607000
47.994000 -33.556000 143.166000
48.509000 -37.264000 142.555000
49.363000 -37.680000 138.851000
51.155000 -40.894000 139.813000
47.818000 -42.203000 141.078000
45.023000 -43.040000 138.649000
10000.000000 10000.000000 10000.000000
10000.000000 10000.000000 10000.000000
41.520000 -41.835000 139.466000
39.067000 -43.538000 137.013000
36.227000 -41.030000 137.536000
34.991000 -43.913000 139.641000
37.137000 -43.199000 142.692000
36.386000 -39.528000 141.963000
32.712000 -39.957000 142.873000
33.631000 -41.470000 146.239000
36.097000 -38.602000 146.607000
33.252000 -36.149000 146.065000
31.024000 -38.031000 148.501000
10000.000000 10000.000000 10000.000000
33.706000 -38.037000 151.197000
34.518000 -34.390000 150.475000
31.221000 -32.824000 151.575000
31.511000 -34.284000 155.078000
35.300000 -33.920000 155.207000
35.358000 -30.221000 154.214000
38.490000 -30.130000 151.984000
34.915000 -22.760000 155.534000
35.570000 -20.709000 152.380000
32.869000 -22.073000 150.014000
30.050000 -21.410000 152.509000
31.073000 -17.824000 153.305000
31.599000 -17.192000 149.595000
10000.000000 10000.000000 10000.000000
28.158000 -18.579000 148.730000
26.300000 -16.533000 151.347000
28.192000 -13.264000 150.936000
28.223000 -13.359000 147.126000
24.515000 -14.207000 147.113000
23.631000 -11.246000 149.337000
26.022000 -8.800000 147.645000
24.981000 -9.697000 144.100000
21.239000 -9.661000 144.823000
10000.000000 10000.000000 10000.000000
10000.000000 10000.000000 10000.000000
10000.000000 10000.000000 10000.000000
10000.000000 10000.000000 10000.000000
10000.000000 10000.000000 10000.000000
10000.000000 10000.000000 10000.000000
10000.000000 10000.000000 10000.000000
10000.000000 10000.000000 10000.000000
10000.000000 10000.000000 10000.000000
10000.000000 10000.000000 10000.000000
10000.000000 10000.000000 10000.000000
10000.000000 10000.000000 10000.000000
10000.000000 10000.000000 10000.000000
10000.000000 10000.000000 10000.000000
10000.000000 10000.000000 10000.000000
10000.000000 10000.000000 10000.000000
10000.000000 10000.000000 10000.000000
10000.000000 10000.000000 10000.000000
10000.000000 10000.000000 10000.000000
10000.000000 10000.000000 10000.000000
10000.000000 10000.000000 10000.000000
10000.000000 10000.000000 10000.000000
10000.000000 10000.000000 10000.000000
10000.000000 10000.000000 10000.000000
10000.000000 10000.000000 10000.000000
10000.000000 10000.000000 10000.000000
10000.000000 10000.000000 10000.000000
10000.000000 10000.000000 10000.000000
10000.000000 10000.000000 10000.000000
10000.000000 10000.000000 10000.000000
10000.000000 10000.000000 10000.000000
10000.000000 10000.000000 10000.000000
10000.000000 10000.000000 10000.000000
10000.000000 10000.000000 10000.000000
10000.000000 10000.000000 10000.000000
10000.000000 10000.000000 10000.000000
10000.000000 10000.000000 10000.000000
10000.000000 10000.000000 10000.000000
10000.000000 10000.000000 10000.000000
10000.000000 10000.000000 10000.000000
10000.000000 10000.000000 10000.000000
10000.000000 10000.000000 10000.000000
10000.000000 10000.000000 10000.000000
10000.000000 10000.000000 10000.000000
10000.000000 10000.000000 10000.000000
10000.000000 10000.000000 10000.000000
10000.000000 10000.000000 10000.000000
10000.000000 10000.000000 10000.000000
10000.000000 10000.000000 10000.000000
10000.000000 10000.000000 10000.000000
10000.000000 10000.000000 10000.000000
10000.000000 10000.000000 10000.000000
10000.000000 10000.000000 10000.000000
10000.000000 10000.000000 10000.000000
10000.000000 10000.000000 10000.000000
10000.000000 10000.000000 10000.000000
10000.000000 10000.000000 10000.000000
10000.000000 10000.000000 10000.000000
10000.000000 10000.000000 10000.000000
10000.000000 10000.000000 10000.000000
10000.000000 10000.000000 10000.000000
10000.000000 10000.000000 10000.000000
10000.000000 10000.000000 10000.000000
10000.000000 10000.000000 10000.000000
10000.000000 10000.000000 10000.000000
10000.000000 10000.000000 10000.000000
10000.000000 10000.000000 10000.000000
10000.000000 10000.000000 10000.000000
10000.000000 10000.000000 10000.000000
10000.000000 10000.000000 10000.000000
10000.000000 10000.000000 10000.000000
