Score: 14.040000 120.000000 -2.079181
10000.000000 10000.000000 10000.000000
10000.000000 10000.000000 10000.000000
10000.000000 10000.000000 10000.000000
10000.000000 10000.000000 10000.000000
10000.000000 10000.000000 10000.000000
10000.000000 10000.000000 10000.000000
10000.000000 10000.000000 10000.000000
10000.000000 10000.000000 10000.000000
10000.000000 10000.000000 10000.000000
24.337000 -41.667000 131.790000
25.162000 -44.695000 133.917000
22.725000 -44.127000 136.806000
19.506000 -46.156000 136.969000
16.296000 -44.783000 135.428000
12.986000 -45.857000 136.988000
9.414000 -45.145000 135.863000
7.468000 -43.964000 138.874000
4.804000 -46.108000 140.601000
2.719000 -43.654000 142.631000
0.418000 -46.408000 143.984000
3.369000 -48.218000 145.519000
4.898000 -45.210000 147.254000
10000.000000 10000.000000 10000.000000
10000.000000 10000.000000 10000.000000
10000.000000 10000.000000 10000.000000
1.458000 -44.286000 148.438000
0.797000 -47.574000 150.190000
4.201000 -47.606000 151.898000
3.513000 -44.046000 152.993000
0.303000 -44.979000 154.708000
1.850000 -47.856000 156.590000
4.571000 -45.550000 157.887000
1.976000 -42.889000 158.655000
0.174000 -45.409000 160.801000
3.340000 -46.281000 162.715000
3.330000 -42.635000 163.802000
-0.152000 -42.605000 165.335000
1.288000 -44.542000 168.271000
3.286000 -41.478000 169.241000
0.558000 -38.811000 169.213000
-3.220000 -38.294000 168.939000
-2.213000 -34.925000 167.478000
-0.989000 -35.557000 163.918000
1.041000 -32.969000 155.178000
1.994000 -34.895000 152.086000
3.013000 -38.372000 150.940000
6.429000 -37.860000 152.599000
5.696000 -35.448000 155.466000
3.911000 -35.224000 158.803000
3.805000 -33.263000 162.064000
2.982000 -34.414000 165.565000
2.369000 -32.458000 168.761000
4.481000 -34.234000 171.367000
4.079000 -31.474000 174.002000
2.462000 -33.908000 176.399000
4.624000 -37.005000 175.955000
8.032000 -35.309000 176.538000
15.833000 -33.717000 175.760000
15.086000 -39.460000 172.346000
11.575000 -39.769000 171.071000
12.786000 -38.729000 167.604000
15.308000 -41.545000 167.932000
12.629000 -44.034000 169.020000
10.648000 -43.285000 165.838000
13.743000 -43.490000 163.600000
14.506000 -46.896000 165.126000
10.917000 -48.026000 164.623000
10.338000 -47.164000 160.948000
13.776000 -48.579000 160.232000
12.760000 -51.793000 161.991000
9.354000 -52.187000 160.362000
9.870000 -50.829000 156.848000
13.617000 -50.255000 156.765000
15.278000 -43.728000 156.887000
13.585000 -40.444000 157.716000
14.680000 -37.088000 159.098000
13.431000 -35.603000 162.359000
13.234000 -31.879000 163.096000
12.075000 -30.732000 166.536000
11.215000 -27.140000 167.543000
8.359000 -25.035000 169.000000
6.354000 -24.451000 165.807000
5.584000 -26.236000 162.514000
7.903000 -23.865000 160.730000
11.161000 -24.285000 162.672000
15.985000 -29.492000 156.236000
19.258000 -28.754000 158.089000
19.859000 -32.390000 159.099000
18.703000 -33.933000 155.800000
19.198000 -36.849000 155.146000
19.230000 -39.623000 157.802000
19.630000 -36.884000 160.472000
17.934000 -35.362000 163.516000
18.043000 -31.745000 164.770000
16.402000 -29.702000 167.555000
16.173000 -25.900000 167.385000
15.791000 -24.571000 170.940000
14.571000 -21.003000 171.636000
18.223000 -19.914000 171.815000
18.782000 -21.036000 168.187000
16.260000 -16.347000 168.284000
19.561000 -16.623000 166.405000
17.890000 -17.815000 163.201000
15.372000 -14.944000 163.036000
18.358000 -12.657000 162.389000
20.893000 -15.011000 160.773000
18.922000 -17.325000 158.471000
18.662000 -16.405000 154.793000
15.022000 -15.343000 154.419000
14.542000 -17.433000 151.276000
15.132000 -20.633000 153.259000
11.904000 -19.872000 155.064000
9.161000 -22.310000 153.956000
6.790000 -20.430000 151.666000
9.468000 -18.110000 150.213000
10.376000 -19.201000 146.675000
10000.000000 10000.000000 10000.000000
10000.000000 10000.000000 10000.000000
10000.000000 10000.000000 10000.000000
10000.000000 10000.000000 10000.000000
10000.000000 10000.000000 10000.000000
10000.000000 10000.000000 10000.000000
10000.000000 10000.000000 10000.000000
10000.000000 10000.000000 10000.000000
10000.000000 10000.000000 10000.000000
12.512000 -17.145000 144.251000
9.742000 -14.708000 143.280000
9.075000 -13.507000 146.854000
12.832000 -13.551000 147.586000
13.665000 -11.049000 144.832000
10.730000 -8.950000 146.057000
12.215000 -9.057000 149.560000
15.774000 -8.276000 148.316000
14.390000 -5.091000 146.698000
13.011000 -3.977000 150.079000
16.286000 -4.725000 151.900000
14.641000 -7.482000 153.963000
17.198000 -10.346000 153.893000
16.496000 -11.618000 157.415000
13.329000 -12.419000 159.356000
10000.000000 10000.000000 10000.000000
10000.000000 10000.000000 10000.000000
10000.000000 10000.000000 10000.000000
10000.000000 10000.000000 10000.000000
10000.000000 10000.000000 10000.000000
10000.000000 10000.000000 10000.000000
10000.000000 10000.000000 10000.000000
10000.000000 10000.000000 10000.000000
10000.000000 10000.000000 10000.000000
10000.000000 10000.000000 10000.000000
10000.000000 10000.000000 10000.000000
10000.000000 10000.000000 10000.000000
10000.000000 10000.000000 10000.000000
10000.000000 10000.000000 10000.000000
10000.000000 10000.000000 10000.000000
10000.000000 10000.000000 10000.000000
10000.000000 10000.000000 10000.000000
10000.000000 10000.000000 10000.000000
10000.000000 10000.000000 10000.000000
10000.000000 10000.000000 10000.000000
10000.000000 10000.000000 10000.000000
10000.000000 10000.000000 10000.000000
10000.000000 10000.000000 10000.000000
10000.000000 10000.000000 10000.000000
10000.000000 10000.000000 10000.000000
10000.000000 10000.000000 10000.000000
10000.000000 10000.000000 10000.000000
10000.000000 10000.000000 10000.000000
10000.000000 10000.000000 10000.000000
10000.000000 10000.000000 10000.000000
10000.000000 10000.000000 10000.000000
10000.000000 10000.000000 10000.000000
10000.000000 10000.000000 10000.000000
10000.000000 10000.000000 10000.000000
10000.000000 10000.000000 10000.000000
10000.000000 10000.000000 10000.000000
10000.000000 10000.000000 10000.000000
10000.000000 10000.000000 10000.000000
10000.000000 10000.000000 10000.000000
10000.000000 10000.000000 10000.000000
10000.000000 10000.000000 10000.000000
10000.000000 10000.000000 10000.000000
10000.000000 10000.000000 10000.000000
10000.000000 10000.000000 10000.000000
10000.000000 10000.000000 10000.000000
