Score: 24.600000 30.000000 -1.477121
10000.000000 10000.000000 10000.000000
10000.000000 10000.000000 10000.000000
10000.000000 10000.000000 10000.000000
10000.000000 10000.000000 10000.000000
10000.000000 10000.000000 10000.000000
10000.000000 10000.000000 10000.000000
10000.000000 10000.000000 10000.000000
10000.000000 10000.000000 10000.000000
10000.000000 10000.000000 10000.000000
10000.000000 10000.000000 10000.000000
10000.000000 10000.000000 10000.000000
10000.000000 10000.000000 10000.000000
10000.000000 10000.000000 10000.000000
10000.000000 10000.000000 10000.000000
10000.000000 10000.000000 10000.000000
10000.000000 10000.000000 10000.000000
10000.000000 10000.000000 10000.000000
10000.000000 10000.000000 10000.000000
10000.000000 10000.000000 10000.000000
10000.000000 10000.000000 10000.000000
10000.000000 10000.000000 10000.000000
51.808000 -30.943000 67.028000
53.982000 -33.930000 66.287000
56.647000 -32.287000 68.520000
54.225000 -30.996000 71.160000
52.081000 -34.071000 71.693000
52.489000 -37.794000 72.298000
51.215000 -40.132000 69.624000
47.884000 -40.978000 71.333000
46.974000 -37.312000 71.712000
10000.000000 10000.000000 10000.000000
10000.000000 10000.000000 10000.000000
10000.000000 10000.000000 10000.000000
10000.000000 10000.000000 10000.000000
10000.000000 10000.000000 10000.000000
10000.000000 10000.000000 10000.000000
48.139000 -36.570000 68.193000
46.015000 -39.309000 66.625000
43.001000 -38.220000 68.604000
43.616000 -34.713000 67.256000
44.010000 -35.826000 63.704000
40.725000 -37.679000 63.986000
39.023000 -34.532000 65.222000
40.340000 -32.496000 62.325000
39.127000 -35.000000 59.745000
35.675000 -34.968000 61.344000
35.746000 -31.165000 61.418000
36.689000 -30.793000 57.820000
33.925000 -33.245000 56.827000
31.577000 -30.927000 58.732000
32.882000 -27.795000 56.944000
32.383000 -29.607000 53.650000
28.794000 -30.615000 54.433000
27.933000 -27.255000 55.937000
29.309000 -24.645000 53.515000
31.748000 -25.863000 50.886000
30.839000 -27.337000 47.522000
30.856000 -31.085000 47.150000
33.407000 -30.815000 44.288000
35.936000 -29.821000 46.999000
38.253000 -35.317000 47.610000
40.915000 -32.601000 47.403000
40.208000 -31.236000 50.841000
40.216000 -34.578000 52.721000
43.240000 -35.768000 50.745000
45.104000 -32.635000 51.818000
44.261000 -33.003000 55.490000
45.102000 -36.738000 55.302000
48.410000 -36.027000 53.555000
49.653000 -33.299000 55.864000
48.552000 -34.730000 59.218000
49.168000 -38.471000 58.481000
50.915000 -39.115000 55.136000
53.917000 -36.914000 55.922000
54.324000 -38.500000 59.365000
53.474000 -42.226000 59.028000
57.009000 -43.394000 59.787000
57.622000 -40.755000 62.452000
54.426000 -41.626000 64.291000
55.324000 -45.311000 64.401000
58.934000 -44.660000 65.428000
57.847000 -42.340000 68.286000
54.821000 -44.271000 69.607000
54.171000 -47.794000 68.275000
56.404000 -49.627000 70.747000
54.681000 -47.838000 73.621000
51.205000 -48.502000 72.299000
52.008000 -52.181000 71.939000
54.074000 -52.579000 75.175000
51.370000 -50.830000 77.218000
48.580000 -52.730000 75.395000
46.674000 -49.583000 74.379000
43.804000 -51.181000 72.437000
10000.000000 10000.000000 10000.000000
10000.000000 10000.000000 10000.000000
10000.000000 10000.000000 10000.000000
10000.000000 10000.000000 10000.000000
10000.000000 10000.000000 10000.000000
10000.000000 10000.000000 10000.000000
10000.000000 10000.000000 10000.000000
10000.000000 10000.000000 10000.000000
41.611000 -48.140000 71.842000
44.540000 -46.150000 70.481000
45.751000 -49.078000 68.382000
42.227000 -49.315000 66.844000
42.294000 -45.602000 66.021000
45.806000 -45.889000 64.639000
44.693000 -48.641000 62.267000
41.542000 -46.674000 61.198000
43.562000 -43.541000 60.445000
46.421000 -45.288000 58.650000
43.845000 -47.155000 56.571000
42.926000 -43.795000 55.020000
46.286000 -43.216000 53.414000
48.263000 -44.868000 50.590000
51.009000 -46.918000 52.243000
49.544000 -46.624000 55.732000
10000.000000 10000.000000 10000.000000
48.691000 -50.211000 56.551000
51.842000 -51.321000 54.697000
54.164000 -49.212000 56.857000
52.223000 -50.329000 59.991000
52.542000 -53.954000 58.910000
56.354000 -53.670000 58.494000
56.829000 -52.193000 61.959000
54.528000 -54.852000 63.408000
56.789000 -57.528000 62.011000
59.749000 -55.710000 63.560000
58.173000 -55.466000 66.978000
57.216000 -59.132000 67.020000
60.696000 -60.288000 65.929000
62.334000 -57.989000 68.508000
66.392000 -62.793000 78.074000
63.778000 -64.918000 80.068000
61.735000 -63.707000 83.102000
62.368000 -65.602000 86.410000
58.614000 -65.598000 87.276000
57.343000 -67.836000 84.427000
58.786000 -70.703000 82.409000
59.345000 -69.231000 78.955000
56.526000 -71.248000 77.346000
54.150000 -69.169000 79.540000
55.849000 -65.954000 78.496000
55.397000 -66.920000 74.830000
51.728000 -67.849000 75.350000
51.068000 -64.509000 77.084000
52.627000 -62.673000 74.191000
50.764000 -64.764000 71.567000
47.481000 -64.046000 73.413000
48.174000 -60.337000 73.564000
10000.000000 10000.000000 10000.000000
10000.000000 10000.000000 10000.000000
10000.000000 10000.000000 10000.000000
10000.000000 10000.000000 10000.000000
10000.000000 10000.000000 10000.000000
10000.000000 10000.000000 10000.000000
10000.000000 10000.000000 10000.000000
49.159000 -60.147000 69.936000
46.193000 -62.314000 68.706000
43.845000 -60.012000 70.574000
45.261000 -56.888000 69.002000
44.960000 -58.385000 65.538000
41.386000 -59.346000 66.327000
40.106000 -56.058000 67.668000
10000.000000 10000.000000 10000.000000
10000.000000 10000.000000 10000.000000
42.439000 -53.300000 66.542000
43.286000 -54.648000 63.081000
39.898000 -56.139000 62.300000
41.128000 -59.761000 61.901000
43.286000 -58.667000 58.929000
44.785000 -61.832000 57.404000
47.921000 -59.894000 56.364000
52.936000 -62.602000 62.747000
53.265000 -66.287000 61.802000
56.291000 -65.516000 59.583000
57.800000 -63.372000 62.338000
57.329000 -66.174000 64.878000
59.341000 -68.589000 62.671000
62.307000 -66.158000 63.300000
62.484000 -67.408000 66.934000
10000.000000 10000.000000 10000.000000
10000.000000 10000.000000 10000.000000
10000.000000 10000.000000 10000.000000
10000.000000 10000.000000 10000.000000
