Score: 13.200000 160.000000 -2.204120
10000.000000 10000.000000 10000.000000
10000.000000 10000.000000 10000.000000
10000.000000 10000.000000 10000.000000
10000.000000 10000.000000 10000.000000
10000.000000 10000.000000 10000.000000
10000.000000 10000.000000 10000.000000
10000.000000 10000.000000 10000.000000
10000.000000 10000.000000 10000.000000
10000.000000 10000.000000 10000.000000
22.692000 7.771000 38.268000
23.483000 4.422000 39.915000
20.717000 4.486000 42.515000
17.882000 1.974000 42.202000
14.759000 3.720000 40.908000
11.537000 1.912000 41.804000
7.873000 2.808000 41.186000
5.706000 3.699000 44.179000
3.395000 0.915000 45.341000
1.084000 2.758000 47.732000
-1.290000 -0.172000 48.519000
1.555000 -2.162000 50.069000
2.838000 0.737000 52.162000
10000.000000 10000.000000 10000.000000
10000.000000 10000.000000 10000.000000
10000.000000 10000.000000 10000.000000
-0.783000 1.234000 53.242000
-1.002000 -2.372000 54.373000
2.321000 -2.068000 56.259000
1.091000 1.073000 57.937000
-2.188000 -0.610000 58.916000
-0.449000 -3.532000 60.571000
1.991000 -1.276000 62.428000
-0.777000 1.042000 63.692000
-2.623000 -2.043000 64.845000
0.479000 -2.982000 66.824000
0.571000 0.524000 68.309000
-3.102000 0.468000 69.276000
-2.466000 -2.311000 71.787000
-0.016000 -0.109000 73.724000
-1.923000 3.155000 73.908000
-4.821000 4.433000 75.925000
-5.526000 6.468000 72.789000
-3.947000 6.577000 69.348000
-1.934000 11.453000 61.851000
-1.340000 9.614000 58.572000
-0.063000 6.536000 56.746000
3.316000 7.467000 58.092000
2.841000 8.476000 61.675000
0.797000 8.376000 64.847000
0.572000 9.665000 68.409000
-0.068000 7.395000 71.390000
-1.303000 8.636000 74.745000
0.308000 6.220000 77.199000
-0.252000 8.189000 80.413000
-2.445000 5.631000 82.192000
-0.605000 2.715000 80.592000
0.759000 5.139000 85.187000
10.505000 6.861000 82.516000
10.982000 2.176000 78.272000
7.620000 1.437000 76.653000
8.806000 3.442000 73.632000
11.871000 1.175000 73.459000
9.613000 -1.882000 73.628000
7.512000 -0.410000 70.801000
10.527000 0.225000 68.553000
11.747000 -3.281000 69.367000
8.379000 -4.857000 68.559000
7.869000 -3.059000 65.268000
11.411000 -4.120000 64.315000
10.790000 -7.745000 65.306000
7.435000 -8.170000 63.593000
7.652000 -5.929000 60.547000
11.404000 -5.442000 60.073000
12.750000 0.826000 61.876000
11.063000 3.944000 63.219000
11.854000 7.102000 65.126000
10.045000 7.869000 68.372000
9.430000 11.075000 70.305000
8.560000 10.977000 73.996000
7.239000 14.240000 75.449000
4.496000 15.744000 77.645000
2.501000 16.720000 74.524000
1.895000 16.061000 70.817000
3.953000 18.921000 69.377000
7.045000 18.436000 71.558000
12.071000 14.814000 63.753000
15.269000 15.992000 65.437000
16.298000 12.365000 66.007000
15.853000 10.663000 62.615000
16.502000 7.964000 61.633000
15.965000 5.032000 64.014000
15.999000 7.487000 66.890000
14.478000 7.864000 70.333000
14.054000 11.502000 71.295000
13.081000 12.370000 74.843000
11.906000 15.590000 76.460000
11.298000 14.938000 80.151000
8.956000 17.378000 81.941000
12.103000 18.514000 83.765000
13.595000 19.785000 80.511000
11.071000 24.894000 79.686000
14.723000 24.728000 78.643000
13.675000 23.210000 75.327000
11.227000 26.058000 74.730000
13.755000 28.727000 75.788000
15.980000 27.646000 72.888000
13.642000 26.670000 70.060000
13.646000 28.200000 66.580000
10.411000 29.040000 64.755000
11.322000 27.022000 61.659000
11.567000 24.051000 64.046000
7.875000 24.417000 64.890000
5.371000 22.099000 63.156000
2.743000 24.040000 61.222000
4.863000 27.106000 60.498000
5.697000 27.593000 56.821000
10000.000000 10000.000000 10000.000000
10000.000000 10000.000000 10000.000000
10000.000000 10000.000000 10000.000000
10000.000000 10000.000000 10000.000000
10000.000000 10000.000000 10000.000000
10000.000000 10000.000000 10000.000000
10000.000000 10000.000000 10000.000000
10000.000000 10000.000000 10000.000000
10000.000000 10000.000000 10000.000000
8.837000 28.978000 55.211000
6.965000 31.898000 53.744000
5.846000 32.410000 57.348000
9.079000 31.335000 59.049000
11.371000 33.780000 57.269000
9.086000 36.687000 58.187000
9.033000 36.000000 61.920000
12.740000 35.072000 61.824000
13.659000 38.248000 59.975000
11.084000 40.689000 61.340000
12.184000 40.185000 64.953000
11.020000 36.768000 66.115000
13.951000 34.387000 65.669000
13.048000 31.922000 68.416000
9.807000 30.901000 70.118000
10000.000000 10000.000000 10000.000000
10000.000000 10000.000000 10000.000000
10000.000000 10000.000000 10000.000000
10000.000000 10000.000000 10000.000000
10000.000000 10000.000000 10000.000000
10000.000000 10000.000000 10000.000000
10000.000000 10000.000000 10000.000000
10000.000000 10000.000000 10000.000000
10000.000000 10000.000000 10000.000000
10000.000000 10000.000000 10000.000000
10000.000000 10000.000000 10000.000000
10000.000000 10000.000000 10000.000000
10000.000000 10000.000000 10000.000000
10000.000000 10000.000000 10000.000000
10000.000000 10000.000000 10000.000000
10000.000000 10000.000000 10000.000000
10000.000000 10000.000000 10000.000000
10000.000000 10000.000000 10000.000000
10000.000000 10000.000000 10000.000000
10000.000000 10000.000000 10000.000000
10000.000000 10000.000000 10000.000000
10000.000000 10000.000000 10000.000000
10000.000000 10000.000000 10000.000000
10000.000000 10000.000000 10000.000000
10000.000000 10000.000000 10000.000000
10000.000000 10000.000000 10000.000000
10000.000000 10000.000000 10000.000000
10000.000000 10000.000000 10000.000000
10000.000000 10000.000000 10000.000000
10000.000000 10000.000000 10000.000000
10000.000000 10000.000000 10000.000000
10000.000000 10000.000000 10000.000000
10000.000000 10000.000000 10000.000000
10000.000000 10000.000000 10000.000000
10000.000000 10000.000000 10000.000000
10000.000000 10000.000000 10000.000000
10000.000000 10000.000000 10000.000000
10000.000000 10000.000000 10000.000000
10000.000000 10000.000000 10000.000000
10000.000000 10000.000000 10000.000000
10000.000000 10000.000000 10000.000000
10000.000000 10000.000000 10000.000000
10000.000000 10000.000000 10000.000000
10000.000000 10000.000000 10000.000000
10000.000000 10000.000000 10000.000000
