Score: 26.500000 7.500000 -0.875061
10000.000000 10000.000000 10000.000000
10000.000000 10000.000000 10000.000000
10000.000000 10000.000000 10000.000000
10000.000000 10000.000000 10000.000000
10000.000000 10000.000000 10000.000000
10000.000000 10000.000000 10000.000000
10000.000000 10000.000000 10000.000000
10000.000000 10000.000000 10000.000000
10000.000000 10000.000000 10000.000000
10000.000000 10000.000000 10000.000000
10000.000000 10000.000000 10000.000000
10000.000000 10000.000000 10000.000000
10000.000000 10000.000000 10000.000000
10000.000000 10000.000000 10000.000000
10000.000000 10000.000000 10000.000000
10000.000000 10000.000000 10000.000000
10000.000000 10000.000000 10000.000000
10000.000000 10000.000000 10000.000000
10000.000000 10000.000000 10000.000000
10000.000000 10000.000000 10000.000000
10000.000000 10000.000000 10000.000000
10000.000000 10000.000000 10000.000000
-22.077000 -14.500000 5.801000
-19.534000 -16.364000 8.021000
-15.705000 -15.910000 8.465000
-14.882000 -13.336000 5.774000
-11.137000 -12.741000 6.278000
-8.831000 -12.475000 3.243000
-5.069000 -12.055000 2.886000
-4.665000 -10.446000 -0.533000
-1.144000 -10.396000 -2.079000
-0.993000 -8.223000 -5.178000
0.267000 -5.042000 -6.738000
-0.735000 -1.531000 -5.651000
-0.877000 1.648000 -7.745000
-1.528000 5.214000 -6.525000
-3.545000 6.030000 -9.645000
-5.950000 3.650000 -11.403000
-7.857000 0.524000 -10.514000
-5.647000 -2.548000 -10.674000
-4.243000 -5.005000 -8.190000
-5.099000 -4.591000 -4.530000
-6.944000 -1.305000 -5.159000
-9.169000 -3.067000 -7.706000
-9.744000 -6.127000 -5.481000
-10.079000 -4.622000 -2.038000
-13.155000 -2.431000 -2.496000
-15.392000 -5.162000 -4.014000
-14.400000 -7.501000 -1.209000
-15.072000 -4.888000 1.496000
-18.424000 -4.078000 -0.111000
-19.295000 -7.768000 0.354000
-18.263000 -7.591000 4.055000
-14.706000 -8.966000 3.852000
-11.857000 -7.952000 6.119000
-9.011000 -7.610000 3.605000
-5.412000 -7.762000 4.881000
-3.326000 -6.502000 1.977000
10000.000000 10000.000000 10000.000000
0.330000 -7.104000 1.083000
1.366000 -4.755000 -1.667000
4.002000 -6.539000 -3.759000
4.743000 -3.293000 -5.542000
3.725000 0.314000 -4.833000
3.782000 2.075000 -8.180000
2.421000 5.371000 -9.547000
0.155000 3.658000 -12.066000
-0.360000 0.600000 -14.248000
1.168000 0.054000 -17.687000
-0.150000 2.186000 -20.563000
1.031000 5.623000 -19.409000
4.176000 7.356000 -20.774000
5.857000 6.860000 -17.376000
5.727000 4.302000 -14.540000
7.620000 4.718000 -11.244000
7.680000 3.366000 -7.714000
8.948000 0.776000 -5.266000
9.104000 -2.999000 -5.751000
9.086000 -5.239000 -2.718000
12.355000 -7.190000 -2.173000
12.587000 -10.646000 -0.630000
14.089000 -9.160000 2.525000
11.148000 -6.699000 2.870000
8.550000 -9.412000 2.277000
10.194000 -11.710000 4.843000
10.443000 -8.855000 7.348000
6.788000 -7.849000 6.949000
5.831000 -11.491000 7.339000
7.765000 -11.824000 10.644000
5.327000 -9.368000 12.200000
2.286000 -10.968000 10.627000
3.412000 -14.425000 11.869000
4.606000 -13.283000 15.312000
1.260000 -11.605000 16.087000
-0.721000 -14.754000 15.172000
-2.520000 -13.111000 12.197000
-1.931000 -16.141000 9.964000
-4.416000 -18.279000 11.897000
-7.290000 -15.920000 11.083000
-7.352000 -15.958000 7.294000
-10.214000 -17.932000 5.739000
-9.018000 -16.918000 2.256000
-5.749000 -16.202000 0.500000
-5.923000 -14.283000 -2.757000
-2.870000 -13.784000 -4.960000
-2.655000 -11.591000 -8.040000
0.177000 -9.755000 -9.778000
3.527000 -10.535000 -8.093000
6.166000 -11.012000 -10.864000
9.086000 -12.000000 -8.599000
10000.000000 10000.000000 10000.000000
10.476000 -15.546000 -8.599000
11.614000 -15.428000 -4.959000
8.314000 -14.016000 -3.598000
5.883000 -16.093000 -5.669000
8.364000 -18.755000 -4.582000
7.975000 -17.564000 -0.980000
4.139000 -17.612000 -1.237000
4.291000 -21.435000 -1.330000
5.553000 -21.065000 2.230000
3.074000 -18.298000 3.179000
10000.000000 10000.000000 10000.000000
10000.000000 10000.000000 10000.000000
10000.000000 10000.000000 10000.000000
10000.000000 10000.000000 10000.000000
10000.000000 10000.000000 10000.000000
10000.000000 10000.000000 10000.000000
10000.000000 10000.000000 10000.000000
10000.000000 10000.000000 10000.000000
10000.000000 10000.000000 10000.000000
10000.000000 10000.000000 10000.000000
10000.000000 10000.000000 10000.000000
10000.000000 10000.000000 10000.000000
10000.000000 10000.000000 10000.000000
10000.000000 10000.000000 10000.000000
10000.000000 10000.000000 10000.000000
10000.000000 10000.000000 10000.000000
10000.000000 10000.000000 10000.000000
10000.000000 10000.000000 10000.000000
10000.000000 10000.000000 10000.000000
10000.000000 10000.000000 10000.000000
10000.000000 10000.000000 10000.000000
10000.000000 10000.000000 10000.000000
10000.000000 10000.000000 10000.000000
10000.000000 10000.000000 10000.000000
10000.000000 10000.000000 10000.000000
10000.000000 10000.000000 10000.000000
10000.000000 10000.000000 10000.000000
10000.000000 10000.000000 10000.000000
10000.000000 10000.000000 10000.000000
10000.000000 10000.000000 10000.000000
10000.000000 10000.000000 10000.000000
10000.000000 10000.000000 10000.000000
10000.000000 10000.000000 10000.000000
10000.000000 10000.000000 10000.000000
10000.000000 10000.000000 10000.000000
10000.000000 10000.000000 10000.000000
10000.000000 10000.000000 10000.000000
10000.000000 10000.000000 10000.000000
10000.000000 10000.000000 10000.000000
10000.000000 10000.000000 10000.000000
10000.000000 10000.000000 10000.000000
10000.000000 10000.000000 10000.000000
10000.000000 10000.000000 10000.000000
10000.000000 10000.000000 10000.000000
10000.000000 10000.000000 10000.000000
10000.000000 10000.000000 10000.000000
10000.000000 10000.000000 10000.000000
10000.000000 10000.000000 10000.000000
10000.000000 10000.000000 10000.000000
10000.000000 10000.000000 10000.000000
10000.000000 10000.000000 10000.000000
10000.000000 10000.000000 10000.000000
10000.000000 10000.000000 10000.000000
10000.000000 10000.000000 10000.000000
10000.000000 10000.000000 10000.000000
10000.000000 10000.000000 10000.000000
10000.000000 10000.000000 10000.000000
10000.000000 10000.000000 10000.000000
10000.000000 10000.000000 10000.000000
10000.000000 10000.000000 10000.000000
10000.000000 10000.000000 10000.000000
10000.000000 10000.000000 10000.000000
10000.000000 10000.000000 10000.000000
10000.000000 10000.000000 10000.000000
