Score: 7.530000 1400.000000 -3.146128
10000.000000 10000.000000 10000.000000
10000.000000 10000.000000 10000.000000
10000.000000 10000.000000 10000.000000
10000.000000 10000.000000 10000.000000
10000.000000 10000.000000 10000.000000
10000.000000 10000.000000 10000.000000
10000.000000 10000.000000 10000.000000
10000.000000 10000.000000 10000.000000
10000.000000 10000.000000 10000.000000
10000.000000 10000.000000 10000.000000
10000.000000 10000.000000 10000.000000
10000.000000 10000.000000 10000.000000
10000.000000 10000.000000 10000.000000
10000.000000 10000.000000 10000.000000
10000.000000 10000.000000 10000.000000
10000.000000 10000.000000 10000.000000
10000.000000 10000.000000 10000.000000
10000.000000 10000.000000 10000.000000
10000.000000 10000.000000 10000.000000
10000.000000 10000.000000 10000.000000
10000.000000 10000.000000 10000.000000
10000.000000 10000.000000 10000.000000
10000.000000 10000.000000 10000.000000
10000.000000 10000.000000 10000.000000
10000.000000 10000.000000 10000.000000
10000.000000 10000.000000 10000.000000
10000.000000 10000.000000 10000.000000
10000.000000 10000.000000 10000.000000
10000.000000 10000.000000 10000.000000
10000.000000 10000.000000 10000.000000
10000.000000 10000.000000 10000.000000
-112.829000 6.620000 111.408000
-110.158000 9.215000 110.633000
-111.606000 10.482000 107.365000
-115.294000 10.088000 108.215000
-115.277000 10.952000 111.929000
-112.827000 13.816000 111.735000
-111.597000 16.164000 109.044000
-108.021000 15.385000 108.053000
-107.115000 18.253000 105.703000
-105.036000 17.394000 102.639000
-101.657000 19.031000 103.218000
-99.921000 17.795000 100.052000
-100.343000 16.212000 96.609000
-99.019000 12.898000 95.210000
-95.566000 13.060000 93.595000
-96.923000 12.073000 90.177000
-99.571000 14.822000 90.021000
-99.245000 16.690000 86.728000
-103.375000 20.381000 87.180000
-104.786000 23.882000 87.700000
-104.025000 25.617000 91.001000
-106.644000 27.982000 92.423000
-105.616000 30.461000 95.119000
-108.561000 32.292000 96.658000
-111.930000 30.658000 96.114000
-114.883000 32.934000 95.272000
-118.002000 33.059000 93.003000
-118.108000 29.234000 88.373000
-114.811000 28.786000 86.511000
-114.500000 25.282000 87.952000
-118.053000 24.223000 87.062000
-117.694000 25.830000 83.629000
-114.716000 23.598000 82.847000
-116.091000 20.384000 84.350000
-116.236000 18.935000 80.835000
-112.534000 18.673000 79.973000
10000.000000 10000.000000 10000.000000
10000.000000 10000.000000 10000.000000
10000.000000 10000.000000 10000.000000
10000.000000 10000.000000 10000.000000
10000.000000 10000.000000 10000.000000
-112.085000 17.220000 83.464000
-109.104000 19.298000 84.581000
10000.000000 10000.000000 10000.000000
-107.709000 18.674000 88.056000
-108.777000 21.891000 89.776000
-107.119000 22.222000 93.170000
-108.192000 25.052000 95.455000
-105.799000 26.162000 98.193000
-106.727000 27.923000 101.428000
-104.940000 28.974000 104.614000
-108.266000 28.834000 106.439000
-109.168000 25.586000 108.209000
-113.696000 21.754000 105.692000
-116.706000 23.315000 103.956000
-114.940000 23.163000 100.594000
-114.352000 19.433000 101.043000
-117.886000 18.146000 101.711000
-119.120000 19.469000 98.354000
-112.396000 19.866000 92.643000
-109.711000 19.109000 95.255000
-108.897000 21.029000 98.447000
-105.418000 21.571000 99.901000
-105.059000 23.302000 103.270000
-101.893000 25.338000 103.818000
-100.194000 28.718000 103.424000
-100.244000 29.727000 99.722000
-97.168000 31.902000 100.223000
-94.941000 29.127000 101.566000
-92.399000 27.493000 99.258000
-92.649000 24.173000 101.108000
-96.418000 24.229000 100.643000
-96.115000 25.158000 96.964000
-93.545000 22.384000 96.512000
-95.985000 19.796000 97.840000
-98.626000 21.319000 95.575000
-96.444000 20.222000 92.646000
-96.314000 23.693000 91.074000
-93.578000 22.771000 88.591000
-95.825000 20.131000 87.030000
-98.958000 22.279000 87.200000
-100.682000 23.343000 83.986000
-101.545000 26.847000 85.178000
-101.918000 29.005000 88.295000
10000.000000 10000.000000 10000.000000
10000.000000 10000.000000 10000.000000
-104.789000 31.380000 89.058000
-103.908000 33.994000 91.688000
-107.098000 35.523000 93.082000
-105.734000 36.745000 96.417000
-105.290000 40.355000 97.528000
-102.753000 42.368000 95.520000
-100.026000 42.083000 98.177000
-100.760000 38.362000 98.591000
-100.740000 37.774000 94.839000
-97.412000 39.587000 94.572000
-97.531000 34.222000 95.669000
-95.950000 35.103000 92.316000
-92.430000 35.744000 93.633000
-92.600000 32.474000 95.570000
-93.781000 30.420000 92.605000
-91.181000 32.012000 90.333000
-88.503000 30.913000 92.808000
-89.532000 27.333000 92.055000
-90.771000 27.148000 88.474000
-92.067000 29.044000 85.440000
-95.672000 27.843000 85.618000
10000.000000 10000.000000 10000.000000
10000.000000 10000.000000 10000.000000
10000.000000 10000.000000 10000.000000
10000.000000 10000.000000 10000.000000
10000.000000 10000.000000 10000.000000
10000.000000 10000.000000 10000.000000
10000.000000 10000.000000 10000.000000
10000.000000 10000.000000 10000.000000
10000.000000 10000.000000 10000.000000
10000.000000 10000.000000 10000.000000
10000.000000 10000.000000 10000.000000
10000.000000 10000.000000 10000.000000
10000.000000 10000.000000 10000.000000
10000.000000 10000.000000 10000.000000
10000.000000 10000.000000 10000.000000
10000.000000 10000.000000 10000.000000
10000.000000 10000.000000 10000.000000
10000.000000 10000.000000 10000.000000
10000.000000 10000.000000 10000.000000
10000.000000 10000.000000 10000.000000
10000.000000 10000.000000 10000.000000
10000.000000 10000.000000 10000.000000
10000.000000 10000.000000 10000.000000
10000.000000 10000.000000 10000.000000
10000.000000 10000.000000 10000.000000
10000.000000 10000.000000 10000.000000
10000.000000 10000.000000 10000.000000
10000.000000 10000.000000 10000.000000
10000.000000 10000.000000 10000.000000
10000.000000 10000.000000 10000.000000
10000.000000 10000.000000 10000.000000
10000.000000 10000.000000 10000.000000
10000.000000 10000.000000 10000.000000
10000.000000 10000.000000 10000.000000
10000.000000 10000.000000 10000.000000
10000.000000 10000.000000 10000.000000
10000.000000 10000.000000 10000.000000
10000.000000 10000.000000 10000.000000
10000.000000 10000.000000 10000.000000
10000.000000 10000.000000 10000.000000
10000.000000 10000.000000 10000.000000
10000.000000 10000.000000 10000.000000
10000.000000 10000.000000 10000.000000
10000.000000 10000.000000 10000.000000
10000.000000 10000.000000 10000.000000
10000.000000 10000.000000 10000.000000
10000.000000 10000.000000 10000.000000
