Score: 25.000000 25.000000 -1.397940
10000.000000 10000.000000 10000.000000
10000.000000 10000.000000 10000.000000
10000.000000 10000.000000 10000.000000
10000.000000 10000.000000 10000.000000
10000.000000 10000.000000 10000.000000
10000.000000 10000.000000 10000.000000
10000.000000 10000.000000 10000.000000
10000.000000 10000.000000 10000.000000
10000.000000 10000.000000 10000.000000
10000.000000 10000.000000 10000.000000
10000.000000 10000.000000 10000.000000
10000.000000 10000.000000 10000.000000
10000.000000 10000.000000 10000.000000
10000.000000 10000.000000 10000.000000
10000.000000 10000.000000 10000.000000
10000.000000 10000.000000 10000.000000
10000.000000 10000.000000 10000.000000
10000.000000 10000.000000 10000.000000
10000.000000 10000.000000 10000.000000
10000.000000 10000.000000 10000.000000
-21.029000 10.871000 18.362000
-18.067000 12.803000 19.774000
-20.087000 13.560000 22.895000
-16.905000 13.804000 24.898000
-15.485000 16.747000 22.999000
-13.393000 19.843000 23.557000
-16.164000 21.705000 25.362000
-17.159000 18.778000 27.559000
-13.597000 17.839000 28.490000
-13.141000 21.516000 29.538000
-16.024000 21.164000 32.005000
-14.315000 18.244000 33.778000
-12.175000 18.679000 36.911000
-8.451000 19.205000 36.401000
-7.109000 15.765000 37.325000
-10.201000 13.781000 36.348000
-9.840000 10.088000 35.405000
-11.634000 9.135000 32.135000
-12.462000 5.577000 31.096000
-13.816000 4.446000 27.703000
-14.996000 0.892000 27.146000
-18.027000 1.920000 24.964000
-17.023000 2.938000 21.469000
-4.757000 17.864000 23.241000
-6.174000 17.827000 26.795000
-3.831000 15.032000 27.884000
-0.825000 17.043000 26.654000
-1.994000 20.015000 28.761000
-2.083000 17.757000 31.825000
-5.916000 17.681000 32.231000
-6.053000 14.026000 33.360000
-4.898000 12.017000 36.391000
-5.392000 9.032000 34.113000
-6.975000 7.588000 30.974000
-8.266000 4.038000 30.515000
-9.253000 3.254000 26.924000
-10.357000 -0.122000 25.645000
-11.846000 1.393000 22.494000
-10.599000 4.310000 20.446000
-11.034000 5.792000 16.950000
-9.293000 3.932000 14.097000
-8.551000 1.014000 16.447000
-9.210000 -1.503000 13.691000
-6.181000 -5.933000 12.419000
-2.763000 -4.552000 11.340000
-4.322000 -2.815000 8.313000
-1.062000 -0.804000 7.998000
0.143000 -3.974000 6.314000
-2.087000 -2.897000 3.369000
-1.385000 0.830000 3.459000
-3.690000 2.249000 6.158000
-2.733000 4.643000 8.975000
-4.069000 7.710000 10.710000
-2.824000 10.363000 13.013000
-5.131000 8.840000 15.689000
-3.177000 5.543000 15.577000
-0.020000 7.443000 16.367000
-1.775000 9.499000 19.037000
-3.007000 6.349000 20.775000
10000.000000 10000.000000 10000.000000
10000.000000 10000.000000 10000.000000
10000.000000 10000.000000 10000.000000
10000.000000 10000.000000 10000.000000
10000.000000 10000.000000 10000.000000
0.387000 4.649000 20.540000
2.087000 7.663000 22.186000
-0.566000 7.699000 24.941000
-0.174000 3.990000 25.472000
3.419000 4.496000 26.707000
2.458000 6.995000 29.433000
2.587000 5.782000 33.043000
-0.940000 7.102000 33.810000
-2.636000 5.619000 30.723000
-3.852000 2.134000 30.045000
10000.000000 10000.000000 10000.000000
-4.704000 1.155000 26.445000
-6.132000 -2.348000 25.859000
-7.085000 -3.709000 22.405000
-10.915000 -3.812000 22.635000
-13.376000 -13.591000 28.815000
-13.933000 -17.341000 28.730000
-17.531000 -16.896000 29.879000
-18.305000 -14.319000 27.134000
-16.886000 -16.455000 24.343000
-18.836000 -19.507000 25.509000
-22.056000 -17.457000 25.629000
-21.402000 -15.855000 22.207000
-21.070000 -19.316000 20.694000
-24.220000 -20.571000 22.424000
-26.393000 -17.623000 21.481000
-25.018000 -17.604000 17.988000
-26.034000 -21.190000 17.186000
-29.429000 -20.545000 18.895000
-30.354000 -17.655000 16.580000
-29.082000 -19.482000 13.452000
-31.083000 -22.641000 14.262000
-34.096000 -20.584000 15.266000
-34.005000 -18.786000 11.897000
-33.599000 -21.838000 9.594000
10000.000000 10000.000000 10000.000000
10000.000000 10000.000000 10000.000000
10000.000000 10000.000000 10000.000000
10000.000000 10000.000000 10000.000000
10000.000000 10000.000000 10000.000000
10000.000000 10000.000000 10000.000000
10000.000000 10000.000000 10000.000000
10000.000000 10000.000000 10000.000000
10000.000000 10000.000000 10000.000000
10000.000000 10000.000000 10000.000000
10000.000000 10000.000000 10000.000000
10000.000000 10000.000000 10000.000000
10000.000000 10000.000000 10000.000000
10000.000000 10000.000000 10000.000000
10000.000000 10000.000000 10000.000000
10000.000000 10000.000000 10000.000000
10000.000000 10000.000000 10000.000000
10000.000000 10000.000000 10000.000000
10000.000000 10000.000000 10000.000000
10000.000000 10000.000000 10000.000000
10000.000000 10000.000000 10000.000000
10000.000000 10000.000000 10000.000000
10000.000000 10000.000000 10000.000000
10000.000000 10000.000000 10000.000000
10000.000000 10000.000000 10000.000000
10000.000000 10000.000000 10000.000000
10000.000000 10000.000000 10000.000000
10000.000000 10000.000000 10000.000000
10000.000000 10000.000000 10000.000000
10000.000000 10000.000000 10000.000000
10000.000000 10000.000000 10000.000000
10000.000000 10000.000000 10000.000000
10000.000000 10000.000000 10000.000000
10000.000000 10000.000000 10000.000000
10000.000000 10000.000000 10000.000000
10000.000000 10000.000000 10000.000000
10000.000000 10000.000000 10000.000000
10000.000000 10000.000000 10000.000000
10000.000000 10000.000000 10000.000000
10000.000000 10000.000000 10000.000000
10000.000000 10000.000000 10000.000000
10000.000000 10000.000000 10000.000000
10000.000000 10000.000000 10000.000000
10000.000000 10000.000000 10000.000000
10000.000000 10000.000000 10000.000000
10000.000000 10000.000000 10000.000000
10000.000000 10000.000000 10000.000000
10000.000000 10000.000000 10000.000000
10000.000000 10000.000000 10000.000000
10000.000000 10000.000000 10000.000000
10000.000000 10000.000000 10000.000000
10000.000000 10000.000000 10000.000000
10000.000000 10000.000000 10000.000000
10000.000000 10000.000000 10000.000000
10000.000000 10000.000000 10000.000000
10000.000000 10000.000000 10000.000000
10000.000000 10000.000000 10000.000000
10000.000000 10000.000000 10000.000000
10000.000000 10000.000000 10000.000000
10000.000000 10000.000000 10000.000000
10000.000000 10000.000000 10000.000000
10000.000000 10000.000000 10000.000000
10000.000000 10000.000000 10000.000000
10000.000000 10000.000000 10000.000000
10000.000000 10000.000000 10000.000000
10000.000000 10000.000000 10000.000000
