Score: 33.500000 0.073000 1.136677
10000.000000 10000.000000 10000.000000
10000.000000 10000.000000 10000.000000
10000.000000 10000.000000 10000.000000
10000.000000 10000.000000 10000.000000
10000.000000 10000.000000 10000.000000
10000.000000 10000.000000 10000.000000
10000.000000 10000.000000 10000.000000
10000.000000 10000.000000 10000.000000
10000.000000 10000.000000 10000.000000
10000.000000 10000.000000 10000.000000
10000.000000 10000.000000 10000.000000
10000.000000 10000.000000 10000.000000
10000.000000 10000.000000 10000.000000
10000.000000 10000.000000 10000.000000
10000.000000 10000.000000 10000.000000
10000.000000 10000.000000 10000.000000
10000.000000 10000.000000 10000.000000
10000.000000 10000.000000 10000.000000
10000.000000 10000.000000 10000.000000
10000.000000 10000.000000 10000.000000
10000.000000 10000.000000 10000.000000
10000.000000 10000.000000 10000.000000
10000.000000 10000.000000 10000.000000
10000.000000 10000.000000 10000.000000
10000.000000 10000.000000 10000.000000
10000.000000 10000.000000 10000.000000
10000.000000 10000.000000 10000.000000
10000.000000 10000.000000 10000.000000
10000.000000 10000.000000 10000.000000
10000.000000 10000.000000 10000.000000
10000.000000 10000.000000 10000.000000
10000.000000 10000.000000 10000.000000
10000.000000 10000.000000 10000.000000
10000.000000 10000.000000 10000.000000
10000.000000 10000.000000 10000.000000
10000.000000 10000.000000 10000.000000
10000.000000 10000.000000 10000.000000
10000.000000 10000.000000 10000.000000
10000.000000 10000.000000 10000.000000
10000.000000 10000.000000 10000.000000
10000.000000 10000.000000 10000.000000
10000.000000 10000.000000 10000.000000
10000.000000 10000.000000 10000.000000
10000.000000 10000.000000 10000.000000
10000.000000 10000.000000 10000.000000
10000.000000 10000.000000 10000.000000
10000.000000 10000.000000 10000.000000
10000.000000 10000.000000 10000.000000
10000.000000 10000.000000 10000.000000
10000.000000 10000.000000 10000.000000
10000.000000 10000.000000 10000.000000
50.948000 88.000000 -8.442000
54.496000 89.082000 -7.635000
54.763000 86.543000 -4.802000
53.262000 85.516000 -1.433000
54.096000 87.180000 1.868000
53.618000 85.778000 5.375000
50.328000 86.874000 6.912000
51.008000 88.247000 10.363000
48.240000 88.393000 12.958000
47.852000 89.091000 16.685000
50.023000 86.063000 17.571000
52.920000 87.446000 15.524000
52.321000 90.951000 16.841000
52.506000 89.628000 20.412000
55.771000 87.810000 19.721000
57.122000 90.995000 18.085000
56.061000 93.133000 21.066000
57.878000 90.793000 23.455000
61.006000 91.065000 21.311000
60.642000 94.854000 21.367000
70.156000 96.480000 26.990000
72.601000 97.304000 24.155000
70.065000 99.726000 22.633000
69.277000 101.468000 25.937000
72.940000 101.863000 26.835000
74.024000 102.719000 23.295000
75.285000 106.256000 22.832000
72.944000 108.676000 21.102000
75.753000 109.383000 18.645000
75.990000 105.708000 17.724000
72.207000 105.661000 17.141000
72.861000 108.402000 14.600000
71.147000 102.268000 7.135000
70.970000 105.223000 4.739000
74.205000 104.133000 3.044000
72.974000 100.579000 2.539000
69.690000 101.879000 1.133000
71.595000 104.064000 -1.315000
73.777000 101.089000 -2.208000
70.582000 99.283000 -3.120000
68.844000 102.305000 -4.640000
68.250000 100.856000 -8.145000
10000.000000 10000.000000 10000.000000
66.930000 97.609000 -6.657000
64.636000 99.274000 -4.138000
63.235000 101.750000 -6.682000
62.564000 98.889000 -9.109000
10000.000000 10000.000000 10000.000000
10000.000000 10000.000000 10000.000000
10000.000000 10000.000000 10000.000000
10000.000000 10000.000000 10000.000000
10000.000000 10000.000000 10000.000000
60.912000 96.728000 -6.416000
58.910000 99.748000 -5.211000
57.548000 100.338000 -8.716000
56.877000 96.661000 -9.328000
54.867000 96.356000 -6.136000
53.239000 99.808000 -6.094000
52.756000 100.991000 -9.693000
54.438000 104.418000 -9.517000
56.863000 105.308000 -12.345000
60.388000 103.937000 -11.839000
61.979000 107.376000 -12.471000
59.860000 108.699000 -9.614000
60.667000 105.833000 -7.255000
64.333000 106.477000 -7.958000
64.668000 110.252000 -8.176000
61.884000 111.140000 -5.753000
61.016000 108.373000 -3.308000
65.964000 110.276000 -2.537000
63.429000 111.371000 0.063000
63.969000 108.138000 2.007000
67.722000 108.792000 2.247000
67.246000 112.459000 3.087000
64.815000 111.554000 5.855000
66.934000 108.914000 7.617000
70.076000 110.972000 7.198000
68.242000 113.965000 8.712000
67.078000 112.108000 11.803000
70.475000 110.514000 12.302000
71.615000 114.040000 13.118000
68.943000 114.444000 15.781000
69.934000 111.444000 17.912000
72.301000 113.381000 20.190000
70.720000 116.835000 19.904000
67.169000 116.613000 21.311000
68.234000 118.040000 24.693000
66.218000 118.084000 27.889000
66.172000 121.138000 30.171000
67.598000 122.403000 33.469000
64.735000 124.376000 35.053000
65.104000 127.464000 37.312000
62.490000 126.181000 39.774000
63.210000 126.940000 46.327000
66.419000 125.098000 47.112000
66.131000 122.485000 44.374000
67.813000 121.449000 41.130000
65.089000 120.633000 38.634000
65.817000 119.199000 35.167000
65.061000 113.848000 30.829000
63.816000 113.260000 27.304000
63.628000 109.488000 27.359000
62.140000 107.106000 24.782000
58.395000 106.469000 25.061000
58.992000 102.722000 24.859000
57.619000 100.121000 22.418000
56.302000 101.999000 19.371000
53.728000 100.439000 17.060000
53.791000 102.081000 13.639000
51.189000 101.365000 10.968000
51.730000 102.649000 7.404000
10000.000000 10000.000000 10000.000000
10000.000000 10000.000000 10000.000000
10000.000000 10000.000000 10000.000000
10000.000000 10000.000000 10000.000000
10000.000000 10000.000000 10000.000000
10000.000000 10000.000000 10000.000000
10000.000000 10000.000000 10000.000000
10000.000000 10000.000000 10000.000000
10000.000000 10000.000000 10000.000000
10000.000000 10000.000000 10000.000000
10000.000000 10000.000000 10000.000000
10000.000000 10000.000000 10000.000000
10000.000000 10000.000000 10000.000000
10000.000000 10000.000000 10000.000000
10000.000000 10000.000000 10000.000000
10000.000000 10000.000000 10000.000000
10000.000000 10000.000000 10000.000000
10000.000000 10000.000000 10000.000000
10000.000000 10000.000000 10000.000000
10000.000000 10000.000000 10000.000000
10000.000000 10000.000000 10000.000000
10000.000000 10000.000000 10000.000000
10000.000000 10000.000000 10000.000000
