Score: 9.560000 650.000000 -2.812913
10000.000000 10000.000000 10000.000000
10000.000000 10000.000000 10000.000000
10000.000000 10000.000000 10000.000000
10000.000000 10000.000000 10000.000000
10000.000000 10000.000000 10000.000000
10000.000000 10000.000000 10000.000000
10000.000000 10000.000000 10000.000000
10000.000000 10000.000000 10000.000000
10000.000000 10000.000000 10000.000000
10000.000000 10000.000000 10000.000000
40.507000 15.910000 2.464000
37.784000 13.605000 1.395000
35.864000 12.386000 4.362000
33.959000 9.173000 4.134000
31.301000 9.051000 6.617000
29.859000 5.848000 8.012000
30.107000 3.425000 5.110000
29.914000 0.585000 7.523000
28.726000 -2.941000 7.785000
25.803000 -2.003000 10.007000
24.495000 0.632000 7.662000
25.365000 -0.228000 4.129000
23.987000 -3.061000 2.061000
20.807000 -5.004000 1.520000
20.379000 2.985000 5.277000
18.846000 2.309000 1.892000
20.635000 5.145000 0.132000
24.082000 3.865000 0.913000
24.257000 0.892000 -1.408000
23.535000 3.190000 -4.284000
26.589000 5.326000 -3.855000
29.145000 2.601000 -3.648000
30.305000 2.595000 -7.252000
30.751000 6.340000 -7.258000
32.740000 6.119000 -4.072000
34.883000 3.276000 -5.392000
35.577000 5.369000 -8.380000
36.728000 8.276000 -6.300000
38.829000 6.008000 -4.129000
40.589000 4.606000 -7.186000
41.229000 7.988000 -8.636000
42.706000 9.413000 -5.454000
44.853000 6.397000 -4.794000
46.029000 6.638000 -8.382000
47.025000 10.232000 -8.085000
50.528000 11.520000 -7.931000
51.387000 13.367000 -4.773000
49.042000 14.075000 -1.920000
47.019000 17.124000 -2.565000
43.801000 12.719000 1.338000
41.258000 10.090000 2.090000
39.963000 10.105000 5.625000
37.695000 7.392000 6.891000
35.203000 8.112000 9.565000
33.405000 5.436000 11.509000
30.693000 5.529000 14.102000
29.892000 3.811000 20.055000
31.198000 2.447000 23.296000
30.228000 -0.989000 24.338000
27.639000 -0.647000 26.995000
26.489000 -3.721000 28.838000
23.904000 -1.742000 30.801000
21.264000 -1.816000 28.129000
18.031000 -3.787000 27.941000
18.219000 -4.622000 24.264000
20.514000 -7.231000 22.866000
22.025000 -4.635000 20.599000
29.420000 -0.397000 18.356000
33.093000 -0.088000 18.550000
35.129000 -3.147000 17.888000
32.342000 -4.949000 16.153000
31.810000 -6.017000 12.589000
28.999000 -3.559000 12.228000
31.363000 -0.732000 13.040000
33.881000 -1.887000 10.483000
34.074000 -0.425000 7.037000
10000.000000 10000.000000 10000.000000
10000.000000 10000.000000 10000.000000
10000.000000 10000.000000 10000.000000
32.476000 -2.350000 4.209000
10000.000000 10000.000000 10000.000000
10000.000000 10000.000000 10000.000000
10000.000000 10000.000000 10000.000000
10000.000000 10000.000000 10000.000000
34.908000 -4.352000 2.132000
34.054000 -2.404000 -0.964000
35.224000 0.829000 0.592000
37.827000 -0.423000 2.956000
40.624000 1.814000 4.050000
44.077000 1.241000 2.744000
44.740000 6.266000 5.108000
43.694000 8.030000 8.273000
40.794000 6.608000 10.212000
38.639000 8.490000 12.667000
34.722000 16.489000 14.428000
33.029000 16.022000 17.740000
35.328000 14.773000 20.443000
37.774000 13.571000 17.854000
41.170000 14.330000 16.476000
39.955000 15.203000 12.978000
40.587000 18.885000 13.252000
44.074000 18.099000 14.480000
44.764000 15.772000 11.589000
43.564000 18.396000 9.195000
45.714000 21.070000 10.747000
48.781000 18.852000 10.733000
48.381000 18.009000 7.093000
47.716000 21.598000 6.044000
44.345000 20.887000 4.609000
42.157000 23.741000 3.559000
39.163000 22.015000 2.049000
37.012000 19.115000 3.181000
34.892000 17.232000 0.733000
31.973000 15.246000 2.016000
30.883000 11.750000 1.114000
28.843000 9.182000 2.902000
25.663000 8.598000 4.732000
23.344000 10.146000 5.838000
23.515000 13.334000 3.904000
21.049000 15.068000 6.148000
10000.000000 10000.000000 10000.000000
10000.000000 10000.000000 10000.000000
22.452000 13.820000 9.446000
26.027000 12.796000 10.040000
27.225000 14.185000 6.721000
25.684000 17.550000 7.246000
26.934000 17.692000 10.793000
30.457000 17.078000 9.703000
30.121000 19.811000 7.118000
28.730000 22.311000 9.519000
31.646000 21.543000 11.797000
34.245000 21.841000 9.109000
32.846000 25.250000 8.280000
32.873000 26.251000 11.909000
36.540000 25.330000 11.969000
37.336000 27.553000 9.006000
37.622000 24.904000 6.365000
36.120000 25.173000 2.975000
33.450000 22.644000 2.218000
10000.000000 10000.000000 10000.000000
10000.000000 10000.000000 10000.000000
10000.000000 10000.000000 10000.000000
10000.000000 10000.000000 10000.000000
10000.000000 10000.000000 10000.000000
10000.000000 10000.000000 10000.000000
10000.000000 10000.000000 10000.000000
10000.000000 10000.000000 10000.000000
10000.000000 10000.000000 10000.000000
10000.000000 10000.000000 10000.000000
10000.000000 10000.000000 10000.000000
10000.000000 10000.000000 10000.000000
10000.000000 10000.000000 10000.000000
10000.000000 10000.000000 10000.000000
10000.000000 10000.000000 10000.000000
10000.000000 10000.000000 10000.000000
10000.000000 10000.000000 10000.000000
10000.000000 10000.000000 10000.000000
10000.000000 10000.000000 10000.000000
10000.000000 10000.000000 10000.000000
10000.000000 10000.000000 10000.000000
10000.000000 10000.000000 10000.000000
10000.000000 10000.000000 10000.000000
10000.000000 10000.000000 10000.000000
10000.000000 10000.000000 10000.000000
10000.000000 10000.000000 10000.000000
10000.000000 10000.000000 10000.000000
10000.000000 10000.000000 10000.000000
10000.000000 10000.000000 10000.000000
10000.000000 10000.000000 10000.000000
10000.000000 10000.000000 10000.000000
10000.000000 10000.000000 10000.000000
10000.000000 10000.000000 10000.000000
10000.000000 10000.000000 10000.000000
10000.000000 10000.000000 10000.000000
10000.000000 10000.000000 10000.000000
10000.000000 10000.000000 10000.000000
10000.000000 10000.000000 10000.000000
10000.000000 10000.000000 10000.000000
10000.000000 10000.000000 10000.000000
10000.000000 10000.000000 10000.000000
10000.000000 10000.000000 10000.000000
10000.000000 10000.000000 10000.000000
10000.000000 10000.000000 10000.000000
10000.000000 10000.000000 10000.000000
10000.000000 10000.000000 10000.000000
