Score: 16.320000 51.000000 -1.707570
10000.000000 10000.000000 10000.000000
10000.000000 10000.000000 10000.000000
10000.000000 10000.000000 10000.000000
10000.000000 10000.000000 10000.000000
10000.000000 10000.000000 10000.000000
10000.000000 10000.000000 10000.000000
10000.000000 10000.000000 10000.000000
10000.000000 10000.000000 10000.000000
10000.000000 10000.000000 10000.000000
10000.000000 10000.000000 10000.000000
10000.000000 10000.000000 10000.000000
10000.000000 10000.000000 10000.000000
10000.000000 10000.000000 10000.000000
10000.000000 10000.000000 10000.000000
10000.000000 10000.000000 10000.000000
10000.000000 10000.000000 10000.000000
10000.000000 10000.000000 10000.000000
10000.000000 10000.000000 10000.000000
10000.000000 10000.000000 10000.000000
10000.000000 10000.000000 10000.000000
10000.000000 10000.000000 10000.000000
10000.000000 10000.000000 10000.000000
10000.000000 10000.000000 10000.000000
10000.000000 10000.000000 10000.000000
10000.000000 10000.000000 10000.000000
10000.000000 10000.000000 10000.000000
10000.000000 10000.000000 10000.000000
-71.670000 66.204000 68.639000
-70.860000 69.871000 68.721000
-69.412000 69.369000 65.274000
-72.179000 66.968000 64.429000
-74.531000 69.832000 65.093000
-72.528000 72.277000 63.027000
-72.668000 69.829000 60.162000
-76.367000 69.209000 60.540000
-77.185000 72.870000 60.317000
-75.193000 73.177000 57.141000
-76.508000 69.854000 55.888000
-80.136000 70.398000 56.696000
-80.008000 73.837000 55.209000
-78.997000 72.225000 51.973000
-81.987000 69.996000 52.491000
-84.520000 72.787000 52.816000
-83.333000 74.057000 49.485000
-83.775000 70.759000 47.621000
-87.256000 69.872000 48.698000
-88.880000 72.639000 46.768000
-89.024000 70.479000 43.691000
-85.993000 68.306000 44.196000
-85.621000 64.642000 44.970000
-83.161000 62.847000 47.179000
-82.362000 59.224000 46.630000
-81.807000 57.560000 49.953000
-79.400000 54.667000 49.977000
-79.037000 52.213000 52.815000
-77.943000 48.674000 52.041000
-76.542000 48.203000 55.518000
-78.613000 45.800000 57.590000
-79.130000 47.967000 60.644000
-80.494000 50.706000 58.401000
-82.248000 48.603000 55.787000
-89.924000 53.938000 56.026000
-88.340000 57.345000 56.013000
-88.030000 57.084000 52.256000
-91.702000 56.176000 51.795000
-92.484000 58.873000 54.303000
-91.535000 61.252000 51.544000
-91.982000 61.107000 47.786000
-88.339000 60.071000 47.771000
-87.064000 56.810000 46.328000
-82.848000 49.228000 50.227000
-81.653000 45.847000 49.066000
-78.661000 46.127000 46.812000
-77.364000 49.097000 44.946000
-77.266000 47.943000 41.371000
-74.206000 49.119000 39.667000
-74.675000 52.014000 37.333000
-77.936000 53.070000 38.825000
-76.673000 56.614000 38.631000
-74.028000 56.155000 36.002000
-76.204000 54.217000 33.636000
-79.377000 55.810000 34.812000
-80.987000 55.354000 31.447000
-80.942000 51.615000 31.853000
-82.721000 51.851000 35.157000
-84.920000 54.800000 34.377000
-86.018000 57.547000 36.751000
-84.766000 61.096000 36.788000
-81.274000 61.519000 38.139000
-81.631000 62.540000 41.703000
-80.616000 65.972000 42.897000
-78.767000 64.476000 45.841000
-78.117000 61.249000 47.644000
-78.624000 60.566000 51.304000
-76.300000 57.677000 51.932000
-76.063000 56.009000 55.293000
-72.713000 54.242000 55.477000
-70.679000 55.766000 52.733000
-67.900000 53.279000 53.244000
-70.253000 50.402000 52.681000
-72.186000 52.499000 50.168000
-68.987000 53.669000 48.464000
-70.009000 52.427000 45.035000
-73.050000 54.671000 45.190000
-68.570000 57.237000 43.590000
-71.262000 57.281000 40.962000
-72.555000 60.514000 42.414000
-69.162000 62.152000 42.188000
-68.910000 61.412000 38.501000
-72.427000 62.704000 37.978000
-71.691000 65.690000 40.177000
-74.674000 64.856000 42.296000
-74.324000 66.122000 45.784000
-73.658000 63.573000 48.459000
-75.073000 63.709000 51.944000
-74.239000 61.035000 54.405000
10000.000000 10000.000000 10000.000000
-74.518000 59.990000 57.994000
-70.954000 58.923000 58.313000
-68.870000 57.940000 61.273000
-65.282000 57.249000 62.250000
-64.811000 54.457000 59.639000
-65.264000 56.558000 56.541000
-63.605000 59.168000 54.477000
10000.000000 10000.000000 10000.000000
10000.000000 10000.000000 10000.000000
10000.000000 10000.000000 10000.000000
10000.000000 10000.000000 10000.000000
10000.000000 10000.000000 10000.000000
10000.000000 10000.000000 10000.000000
10000.000000 10000.000000 10000.000000
10000.000000 10000.000000 10000.000000
10000.000000 10000.000000 10000.000000
10000.000000 10000.000000 10000.000000
10000.000000 10000.000000 10000.000000
10000.000000 10000.000000 10000.000000
10000.000000 10000.000000 10000.000000
10000.000000 10000.000000 10000.000000
10000.000000 10000.000000 10000.000000
10000.000000 10000.000000 10000.000000
10000.000000 10000.000000 10000.000000
10000.000000 10000.000000 10000.000000
10000.000000 10000.000000 10000.000000
10000.000000 10000.000000 10000.000000
10000.000000 10000.000000 10000.000000
10000.000000 10000.000000 10000.000000
10000.000000 10000.000000 10000.000000
10000.000000 10000.000000 10000.000000
10000.000000 10000.000000 10000.000000
10000.000000 10000.000000 10000.000000
10000.000000 10000.000000 10000.000000
10000.000000 10000.000000 10000.000000
10000.000000 10000.000000 10000.000000
10000.000000 10000.000000 10000.000000
10000.000000 10000.000000 10000.000000
10000.000000 10000.000000 10000.000000
10000.000000 10000.000000 10000.000000
10000.000000 10000.000000 10000.000000
10000.000000 10000.000000 10000.000000
10000.000000 10000.000000 10000.000000
10000.000000 10000.000000 10000.000000
10000.000000 10000.000000 10000.000000
10000.000000 10000.000000 10000.000000
10000.000000 10000.000000 10000.000000
10000.000000 10000.000000 10000.000000
10000.000000 10000.000000 10000.000000
10000.000000 10000.000000 10000.000000
10000.000000 10000.000000 10000.000000
10000.000000 10000.000000 10000.000000
10000.000000 10000.000000 10000.000000
10000.000000 10000.000000 10000.000000
10000.000000 10000.000000 10000.000000
10000.000000 10000.000000 10000.000000
10000.000000 10000.000000 10000.000000
10000.000000 10000.000000 10000.000000
10000.000000 10000.000000 10000.000000
10000.000000 10000.000000 10000.000000
10000.000000 10000.000000 10000.000000
10000.000000 10000.000000 10000.000000
10000.000000 10000.000000 10000.000000
10000.000000 10000.000000 10000.000000
10000.000000 10000.000000 10000.000000
10000.000000 10000.000000 10000.000000
10000.000000 10000.000000 10000.000000
10000.000000 10000.000000 10000.000000
