Score: 12.140000 250.000000 -2.397940
10000.000000 10000.000000 10000.000000
10000.000000 10000.000000 10000.000000
10000.000000 10000.000000 10000.000000
10000.000000 10000.000000 10000.000000
10000.000000 10000.000000 10000.000000
10000.000000 10000.000000 10000.000000
10000.000000 10000.000000 10000.000000
10000.000000 10000.000000 10000.000000
10000.000000 10000.000000 10000.000000
10000.000000 10000.000000 10000.000000
10000.000000 10000.000000 10000.000000
10000.000000 10000.000000 10000.000000
10000.000000 10000.000000 10000.000000
10000.000000 10000.000000 10000.000000
10000.000000 10000.000000 10000.000000
10000.000000 10000.000000 10000.000000
10000.000000 10000.000000 10000.000000
10000.000000 10000.000000 10000.000000
10000.000000 10000.000000 10000.000000
10000.000000 10000.000000 10000.000000
10000.000000 10000.000000 10000.000000
10000.000000 10000.000000 10000.000000
105.976000 28.015000 100.662000
108.298000 25.500000 99.001000
109.538000 26.243000 95.500000
107.323000 23.495000 94.086000
104.110000 24.734000 95.717000
104.909000 28.366000 95.100000
105.447000 27.745000 91.425000
102.340000 25.608000 91.006000
100.071000 28.069000 92.798000
101.602000 31.069000 91.065000
100.738000 29.535000 87.714000
97.307000 28.231000 88.702000
96.123000 31.594000 90.062000
96.576000 33.075000 86.577000
93.820000 30.862000 85.109000
80.695000 27.163000 85.436000
81.707000 29.696000 88.087000
79.872000 32.840000 86.987000
76.280000 33.808000 87.868000
74.113000 36.898000 87.351000
71.571000 39.228000 88.930000
69.504000 42.019000 87.431000
70.951000 45.334000 88.563000
68.175000 47.591000 89.807000
67.591000 49.483000 86.587000
71.067000 48.506000 85.464000
10000.000000 10000.000000 10000.000000
10000.000000 10000.000000 10000.000000
72.044000 45.612000 83.217000
73.060000 42.055000 84.028000
75.661000 41.885000 86.788000
78.003000 38.893000 86.888000
79.393000 37.501000 90.140000
80.727000 34.358000 91.756000
78.656000 32.688000 94.451000
80.246000 32.399000 97.856000
80.534000 28.661000 98.233000
82.423000 28.712000 94.931000
85.125000 31.118000 96.035000
85.483000 29.127000 99.249000
85.987000 25.790000 97.456000
88.255000 27.511000 94.982000
90.468000 28.659000 97.881000
90.401000 25.355000 99.743000
91.764000 23.799000 96.543000
94.361000 26.429000 95.652000
95.706000 26.509000 99.175000
94.483000 23.545000 101.177000
91.868000 23.642000 103.894000
94.583000 24.862000 106.239000
96.534000 27.069000 103.853000
94.362000 30.153000 103.944000
92.332000 31.888000 106.627000
10000.000000 10000.000000 10000.000000
90.135000 34.904000 107.086000
88.883000 37.131000 109.869000
86.423000 39.980000 110.200000
88.394000 43.037000 111.184000
85.266000 45.035000 111.561000
75.977000 48.797000 110.293000
75.789000 51.996000 108.196000
72.078000 52.591000 108.602000
68.681000 51.048000 109.251000
65.963000 53.226000 107.760000
62.212000 52.701000 107.884000
60.087000 53.899000 104.944000
56.442000 52.900000 105.360000
56.761000 49.474000 106.957000
59.750000 48.589000 104.783000
63.359000 48.469000 105.970000
66.369000 49.771000 104.067000
69.612000 48.535000 105.602000
73.219000 49.108000 104.624000
76.125000 47.231000 106.212000
79.850000 47.067000 105.518000
82.444000 44.556000 106.602000
86.204000 44.514000 106.528000
87.637000 41.065000 105.837000
91.258000 40.039000 105.988000
92.528000 36.894000 104.336000
95.844000 35.340000 105.153000
97.852000 32.495000 103.707000
99.909000 30.103000 105.823000
100.874000 36.774000 103.123000
97.610000 38.791000 103.366000
94.997000 40.965000 101.643000
92.082000 42.841000 103.218000
89.020000 44.460000 101.605000
85.544000 45.919000 102.249000
82.387000 43.992000 101.613000
78.899000 45.450000 101.570000
10000.000000 10000.000000 10000.000000
10000.000000 10000.000000 10000.000000
10000.000000 10000.000000 10000.000000
75.536000 43.947000 102.488000
72.166000 45.354000 101.522000
68.479000 44.757000 102.236000
65.900000 47.166000 100.880000
62.535000 45.433000 100.783000
61.659000 43.341000 103.848000
59.115000 44.304000 106.489000
61.106000 42.389000 109.092000
63.901000 44.347000 110.696000
65.604000 41.181000 111.935000
65.576000 39.580000 108.511000
66.850000 42.782000 106.917000
69.898000 42.938000 109.226000
70.621000 39.219000 108.981000
70.713000 39.612000 105.238000
72.944000 42.669000 105.117000
75.394000 41.601000 107.879000
75.816000 38.176000 106.309000
76.215000 39.455000 102.785000
78.641000 42.165000 103.806000
80.999000 39.525000 105.187000
80.848000 37.164000 102.226000
81.190000 40.058000 99.785000
84.212000 41.160000 101.855000
10000.000000 10000.000000 10000.000000
10000.000000 10000.000000 10000.000000
10000.000000 10000.000000 10000.000000
10000.000000 10000.000000 10000.000000
10000.000000 10000.000000 10000.000000
10000.000000 10000.000000 10000.000000
10000.000000 10000.000000 10000.000000
10000.000000 10000.000000 10000.000000
10000.000000 10000.000000 10000.000000
10000.000000 10000.000000 10000.000000
10000.000000 10000.000000 10000.000000
10000.000000 10000.000000 10000.000000
10000.000000 10000.000000 10000.000000
10000.000000 10000.000000 10000.000000
10000.000000 10000.000000 10000.000000
10000.000000 10000.000000 10000.000000
10000.000000 10000.000000 10000.000000
10000.000000 10000.000000 10000.000000
10000.000000 10000.000000 10000.000000
10000.000000 10000.000000 10000.000000
10000.000000 10000.000000 10000.000000
10000.000000 10000.000000 10000.000000
10000.000000 10000.000000 10000.000000
10000.000000 10000.000000 10000.000000
10000.000000 10000.000000 10000.000000
10000.000000 10000.000000 10000.000000
10000.000000 10000.000000 10000.000000
10000.000000 10000.000000 10000.000000
10000.000000 10000.000000 10000.000000
10000.000000 10000.000000 10000.000000
10000.000000 10000.000000 10000.000000
10000.000000 10000.000000 10000.000000
10000.000000 10000.000000 10000.000000
10000.000000 10000.000000 10000.000000
10000.000000 10000.000000 10000.000000
10000.000000 10000.000000 10000.000000
10000.000000 10000.000000 10000.000000
10000.000000 10000.000000 10000.000000
10000.000000 10000.000000 10000.000000
10000.000000 10000.000000 10000.000000
10000.000000 10000.000000 10000.000000
10000.000000 10000.000000 10000.000000
10000.000000 10000.000000 10000.000000
10000.000000 10000.000000 10000.000000
10000.000000 10000.000000 10000.000000
