Score: 16.850000 42.000000 -1.623249
10000.000000 10000.000000 10000.000000
10000.000000 10000.000000 10000.000000
10000.000000 10000.000000 10000.000000
10000.000000 10000.000000 10000.000000
10000.000000 10000.000000 10000.000000
10000.000000 10000.000000 10000.000000
10000.000000 10000.000000 10000.000000
10000.000000 10000.000000 10000.000000
10000.000000 10000.000000 10000.000000
10000.000000 10000.000000 10000.000000
10000.000000 10000.000000 10000.000000
10000.000000 10000.000000 10000.000000
10000.000000 10000.000000 10000.000000
10000.000000 10000.000000 10000.000000
10000.000000 10000.000000 10000.000000
10000.000000 10000.000000 10000.000000
10000.000000 10000.000000 10000.000000
10000.000000 10000.000000 10000.000000
10000.000000 10000.000000 10000.000000
10000.000000 10000.000000 10000.000000
10000.000000 10000.000000 10000.000000
10000.000000 10000.000000 10000.000000
10000.000000 10000.000000 10000.000000
10000.000000 10000.000000 10000.000000
10000.000000 10000.000000 10000.000000
10000.000000 10000.000000 10000.000000
10000.000000 10000.000000 10000.000000
10000.000000 10000.000000 10000.000000
10000.000000 10000.000000 10000.000000
10000.000000 10000.000000 10000.000000
10000.000000 10000.000000 10000.000000
10000.000000 10000.000000 10000.000000
10000.000000 10000.000000 10000.000000
-5.127000 9.237000 -14.831000
-5.269000 7.931000 -18.389000
-1.749000 7.505000 -19.801000
-0.114000 5.147000 -22.280000
2.697000 3.388000 -20.465000
3.424000 -0.202000 -21.540000
0.347000 -2.422000 -21.491000
-2.122000 0.384000 -20.771000
-4.651000 -1.261000 -23.136000
-5.127000 -4.103000 -20.638000
-19.449000 -3.053000 -4.347000
-20.082000 -6.820000 -4.354000
-16.903000 -8.825000 -4.955000
-15.717000 -10.145000 -8.309000
-13.452000 -13.054000 -9.256000
-9.751000 -12.463000 -9.884000
-6.352000 -14.159000 -9.686000
-4.470000 -11.282000 -8.070000
-6.079000 -8.965000 -5.543000
-4.589000 -5.591000 -4.629000
-5.802000 -2.955000 -2.173000
-4.117000 0.282000 -1.113000
-6.910000 1.934000 0.896000
-6.231000 3.496000 4.288000
-7.472000 6.971000 5.215000
-5.129000 8.249000 7.933000
-7.258000 4.047000 12.151000
-7.747000 0.691000 13.874000
-11.448000 0.824000 13.031000
-10.779000 1.902000 9.463000
-8.197000 -0.843000 9.006000
-10.547000 -3.523000 10.330000
-13.221000 -2.263000 7.922000
-10.783000 -2.601000 5.029000
-9.685000 -6.082000 6.075000
-13.276000 -7.348000 6.396000
-13.991000 -5.866000 2.965000
-10.879000 -7.462000 1.445000
-11.768000 -10.908000 2.787000
-14.962000 -10.804000 0.695000
-12.803000 -10.706000 -2.423000
-10.331000 -13.306000 -1.142000
-12.829000 -16.100000 -0.510000
-13.489000 -15.824000 -4.246000
10000.000000 10000.000000 10000.000000
10000.000000 10000.000000 10000.000000
10000.000000 10000.000000 10000.000000
10000.000000 10000.000000 10000.000000
10000.000000 10000.000000 10000.000000
10000.000000 10000.000000 10000.000000
10000.000000 10000.000000 10000.000000
10000.000000 10000.000000 10000.000000
10000.000000 10000.000000 10000.000000
10000.000000 10000.000000 10000.000000
-10.121000 -17.418000 -5.005000
-7.320000 -14.833000 -5.543000
-4.131000 -16.757000 -4.729000
-1.847000 -13.716000 -5.114000
-1.049000 -7.280000 -1.687000
-3.176000 -5.384000 0.841000
-2.123000 -2.239000 2.651000
-2.721000 -2.420000 6.394000
-2.906000 1.213000 7.542000
-2.563000 0.685000 11.285000
-1.129000 -2.832000 11.953000
-0.087000 -2.158000 15.549000
-3.511000 -1.857000 17.216000
-4.787000 -5.021000 19.036000
-7.824000 -5.565000 16.816000
-5.771000 -5.450000 13.621000
-3.127000 -7.770000 15.146000
-5.837000 -10.291000 16.060000
-7.643000 -9.862000 12.730000
-4.360000 -10.324000 10.842000
-3.385000 -13.431000 12.835000
-6.715000 -14.986000 11.849000
-6.436000 -13.781000 8.265000
-2.916000 -15.210000 8.072000
-4.150000 -18.604000 9.260000
-6.774000 -18.751000 6.524000
-4.858000 -17.145000 3.634000
-1.187000 -17.324000 4.567000
1.156000 -14.471000 3.714000
2.780000 -11.929000 6.012000
3.240000 -8.255000 6.878000
6.027000 -6.347000 5.097000
10000.000000 10000.000000 10000.000000
10000.000000 10000.000000 10000.000000
10000.000000 10000.000000 10000.000000
10000.000000 10000.000000 10000.000000
10000.000000 10000.000000 10000.000000
10000.000000 10000.000000 10000.000000
10000.000000 10000.000000 10000.000000
10000.000000 10000.000000 10000.000000
10000.000000 10000.000000 10000.000000
10000.000000 10000.000000 10000.000000
10000.000000 10000.000000 10000.000000
10000.000000 10000.000000 10000.000000
10000.000000 10000.000000 10000.000000
10000.000000 10000.000000 10000.000000
10000.000000 10000.000000 10000.000000
10000.000000 10000.000000 10000.000000
10000.000000 10000.000000 10000.000000
10000.000000 10000.000000 10000.000000
10000.000000 10000.000000 10000.000000
10000.000000 10000.000000 10000.000000
10000.000000 10000.000000 10000.000000
7.189000 -2.785000 5.773000
7.823000 -0.993000 2.488000
10.960000 1.199000 2.694000
9.347000 3.669000 0.267000
6.612000 4.448000 2.827000
7.102000 7.712000 4.761000
7.944000 7.579000 8.474000
1.400000 -9.987000 0.867000
0.776000 -13.628000 -0.023000
4.423000 -14.624000 -0.366000
5.510000 -15.168000 6.337000
6.499000 -14.886000 9.962000
4.914000 -13.919000 13.253000
2.575000 -10.921000 12.936000
3.449000 -9.381000 16.302000
7.164000 -9.750000 15.665000
7.005000 -8.149000 12.224000
4.916000 -5.202000 13.447000
7.031000 -4.480000 16.551000
10.174000 -4.708000 14.450000
8.823000 -1.906000 12.269000
7.650000 0.171000 15.227000
11.250000 0.061000 16.527000
12.769000 1.174000 13.253000
10.244000 4.014000 13.049000
10.866000 5.043000 16.665000
14.621000 4.902000 16.192000
14.432000 7.341000 13.281000
13.053000 9.972000 15.664000
16.161000 9.948000 17.885000
19.013000 10.193000 15.381000
21.775000 12.759000 15.908000
22.878000 12.721000 12.281000
20.112000 13.411000 9.769000
20.694000 12.331000 6.176000
10000.000000 10000.000000 10000.000000
10000.000000 10000.000000 10000.000000
10000.000000 10000.000000 10000.000000
10000.000000 10000.000000 10000.000000
10000.000000 10000.000000 10000.000000
10000.000000 10000.000000 10000.000000
10000.000000 10000.000000 10000.000000
10000.000000 10000.000000 10000.000000
10000.000000 10000.000000 10000.000000
10000.000000 10000.000000 10000.000000
