Score: 11.410000 320.000000 -2.505150
10000.000000 10000.000000 10000.000000
10000.000000 10000.000000 10000.000000
10000.000000 10000.000000 10000.000000
10000.000000 10000.000000 10000.000000
10000.000000 10000.000000 10000.000000
10000.000000 10000.000000 10000.000000
10000.000000 10000.000000 10000.000000
10000.000000 10000.000000 10000.000000
10000.000000 10000.000000 10000.000000
10000.000000 10000.000000 10000.000000
10000.000000 10000.000000 10000.000000
10000.000000 10000.000000 10000.000000
10000.000000 10000.000000 10000.000000
10000.000000 10000.000000 10000.000000
10000.000000 10000.000000 10000.000000
10000.000000 10000.000000 10000.000000
10000.000000 10000.000000 10000.000000
10000.000000 10000.000000 10000.000000
10000.000000 10000.000000 10000.000000
10000.000000 10000.000000 10000.000000
10000.000000 10000.000000 10000.000000
10000.000000 10000.000000 10000.000000
10000.000000 10000.000000 10000.000000
10000.000000 10000.000000 10000.000000
10000.000000 10000.000000 10000.000000
10000.000000 10000.000000 10000.000000
10000.000000 10000.000000 10000.000000
-69.432000 52.425000 75.846000
-68.155000 56.041000 76.158000
-66.880000 56.073000 72.643000
-70.155000 54.343000 71.471000
-72.128000 57.121000 73.342000
-70.782000 59.968000 71.089000
-71.578000 57.891000 67.930000
-75.024000 57.004000 69.104000
-76.068000 60.587000 69.418000
-74.632000 61.571000 66.052000
-76.260000 58.659000 64.121000
-79.472000 59.427000 66.110000
-79.244000 63.087000 65.207000
-79.271000 62.136000 61.455000
-82.465000 60.030000 61.862000
-84.196000 62.347000 64.343000
-83.657000 65.367000 62.072000
-85.247000 63.807000 59.001000
-88.874000 62.713000 60.276000
-90.324000 64.796000 57.381000
-91.196000 62.151000 54.824000
-88.372000 59.764000 54.583000
-88.327000 56.038000 54.222000
-85.675000 53.954000 55.976000
-84.703000 50.421000 54.939000
-83.603000 47.911000 57.549000
-81.749000 44.736000 56.640000
-80.506000 41.659000 58.529000
-80.138000 38.426000 56.533000
-78.260000 36.874000 59.557000
-80.166000 34.485000 61.773000
-79.386000 36.166000 65.186000
-80.342000 39.457000 63.784000
-89.033000 42.497000 61.629000
-90.289000 43.649000 65.040000
-88.466000 47.028000 64.879000
-89.500000 47.455000 61.203000
-93.302000 46.901000 61.732000
-93.309000 49.421000 64.563000
-91.737000 52.206000 62.451000
-93.562000 51.225000 59.205000
-90.210000 51.279000 57.388000
-89.587000 48.524000 54.813000
-85.719000 40.092000 57.459000
-85.140000 37.180000 55.326000
-82.391000 36.164000 53.027000
-81.291000 39.263000 51.134000
-82.990000 39.721000 47.844000
-80.656000 41.373000 45.494000
-80.488000 44.451000 43.423000
-82.874000 46.146000 45.676000
-81.426000 49.564000 45.541000
-80.741000 50.091000 41.782000
-83.623000 47.890000 40.556000
-85.951000 49.841000 42.616000
-89.067000 48.201000 41.079000
-88.918000 45.127000 43.521000
-88.603000 47.534000 46.492000
-90.940000 50.187000 47.813000
-92.082000 52.974000 45.497000
-89.512000 55.704000 46.332000
-85.725000 55.081000 46.937000
-84.589000 55.004000 50.674000
-83.103000 58.253000 51.965000
-81.007000 56.060000 54.213000
-80.541000 52.361000 54.953000
-79.762000 50.791000 58.369000
-77.895000 47.463000 58.546000
-76.788000 45.172000 61.347000
-73.498000 43.604000 60.167000
-72.207000 45.524000 57.120000
-69.671000 42.801000 56.239000
-72.183000 39.954000 55.879000
-74.609000 42.448000 54.242000
-71.706000 43.956000 52.276000
-73.239000 43.452000 48.917000
-76.304000 45.446000 50.081000
-72.174000 48.231000 47.887000
-75.351000 48.636000 45.790000
-76.459000 51.497000 48.063000
-73.143000 53.269000 47.689000
-73.427000 53.376000 43.836000
-77.005000 54.711000 44.288000
-75.407000 57.287000 46.574000
-77.637000 56.541000 49.524000
-76.256000 56.914000 53.129000
-75.494000 53.656000 54.800000
-75.897000 53.655000 58.532000
-75.262000 50.490000 60.569000
10000.000000 10000.000000 10000.000000
-74.636000 48.834000 63.913000
-71.194000 47.552000 62.939000
-68.864000 45.807000 65.395000
-65.125000 45.330000 65.379000
-65.394000 42.707000 62.659000
-65.813000 45.058000 59.657000
-63.900000 47.986000 58.171000
10000.000000 10000.000000 10000.000000
10000.000000 10000.000000 10000.000000
10000.000000 10000.000000 10000.000000
10000.000000 10000.000000 10000.000000
10000.000000 10000.000000 10000.000000
10000.000000 10000.000000 10000.000000
10000.000000 10000.000000 10000.000000
10000.000000 10000.000000 10000.000000
10000.000000 10000.000000 10000.000000
10000.000000 10000.000000 10000.000000
10000.000000 10000.000000 10000.000000
10000.000000 10000.000000 10000.000000
10000.000000 10000.000000 10000.000000
10000.000000 10000.000000 10000.000000
10000.000000 10000.000000 10000.000000
10000.000000 10000.000000 10000.000000
10000.000000 10000.000000 10000.000000
10000.000000 10000.000000 10000.000000
10000.000000 10000.000000 10000.000000
10000.000000 10000.000000 10000.000000
10000.000000 10000.000000 10000.000000
10000.000000 10000.000000 10000.000000
10000.000000 10000.000000 10000.000000
10000.000000 10000.000000 10000.000000
10000.000000 10000.000000 10000.000000
10000.000000 10000.000000 10000.000000
10000.000000 10000.000000 10000.000000
10000.000000 10000.000000 10000.000000
10000.000000 10000.000000 10000.000000
10000.000000 10000.000000 10000.000000
10000.000000 10000.000000 10000.000000
10000.000000 10000.000000 10000.000000
10000.000000 10000.000000 10000.000000
10000.000000 10000.000000 10000.000000
10000.000000 10000.000000 10000.000000
10000.000000 10000.000000 10000.000000
10000.000000 10000.000000 10000.000000
10000.000000 10000.000000 10000.000000
10000.000000 10000.000000 10000.000000
10000.000000 10000.000000 10000.000000
10000.000000 10000.000000 10000.000000
10000.000000 10000.000000 10000.000000
10000.000000 10000.000000 10000.000000
10000.000000 10000.000000 10000.000000
10000.000000 10000.000000 10000.000000
10000.000000 10000.000000 10000.000000
10000.000000 10000.000000 10000.000000
10000.000000 10000.000000 10000.000000
10000.000000 10000.000000 10000.000000
10000.000000 10000.000000 10000.000000
10000.000000 10000.000000 10000.000000
10000.000000 10000.000000 10000.000000
10000.000000 10000.000000 10000.000000
10000.000000 10000.000000 10000.000000
10000.000000 10000.000000 10000.000000
10000.000000 10000.000000 10000.000000
10000.000000 10000.000000 10000.000000
10000.000000 10000.000000 10000.000000
10000.000000 10000.000000 10000.000000
10000.000000 10000.000000 10000.000000
10000.000000 10000.000000 10000.000000
