Score: 14.930000 86.000000 -1.934498
10000.000000 10000.000000 10000.000000
10000.000000 10000.000000 10000.000000
10000.000000 10000.000000 10000.000000
10000.000000 10000.000000 10000.000000
10000.000000 10000.000000 10000.000000
10000.000000 10000.000000 10000.000000
10000.000000 10000.000000 10000.000000
10000.000000 10000.000000 10000.000000
10000.000000 10000.000000 10000.000000
10000.000000 10000.000000 10000.000000
10000.000000 10000.000000 10000.000000
10000.000000 10000.000000 10000.000000
10000.000000 10000.000000 10000.000000
10000.000000 10000.000000 10000.000000
10000.000000 10000.000000 10000.000000
10000.000000 10000.000000 10000.000000
10000.000000 10000.000000 10000.000000
10000.000000 10000.000000 10000.000000
10000.000000 10000.000000 10000.000000
10000.000000 10000.000000 10000.000000
10000.000000 10000.000000 10000.000000
10000.000000 10000.000000 10000.000000
10000.000000 10000.000000 10000.000000
10000.000000 10000.000000 10000.000000
10000.000000 10000.000000 10000.000000
10000.000000 10000.000000 10000.000000
10000.000000 10000.000000 10000.000000
-71.444000 51.041000 77.212000
-71.353000 54.942000 77.385000
-70.608000 54.843000 73.555000
-73.641000 52.650000 72.900000
-75.890000 55.031000 74.765000
-74.577000 58.241000 73.221000
-74.726000 56.873000 69.638000
-78.207000 55.495000 70.445000
-79.438000 59.011000 71.277000
-78.003000 60.502000 67.981000
-79.586000 57.558000 66.144000
-83.056000 58.467000 67.349000
-82.705000 62.038000 66.174000
-81.379000 60.745000 62.778000
-84.291000 58.285000 61.997000
-86.784000 60.656000 63.537000
-85.644000 63.325000 61.025000
-86.580000 60.907000 58.226000
-90.313000 61.115000 59.336000
10000.000000 10000.000000 10000.000000
-91.730000 59.791000 56.061000
-92.060000 56.042000 56.604000
-89.804000 54.371000 54.109000
-87.175000 53.116000 56.545000
-86.316000 49.518000 55.663000
-84.789000 47.333000 58.291000
-83.186000 44.274000 56.736000
-81.525000 41.304000 58.339000
-79.978000 37.995000 57.000000
-79.752000 36.729000 60.664000
-82.291000 33.994000 61.647000
-82.332000 35.502000 65.250000
-86.697000 43.587000 62.965000
-90.272000 42.334000 62.185000
-91.662000 43.586000 65.493000
-89.848000 46.990000 65.299000
-91.198000 47.517000 61.726000
-94.698000 46.911000 62.997000
-94.397000 49.811000 65.635000
-92.546000 52.218000 63.295000
-94.637000 51.856000 60.117000
-92.064000 50.745000 57.578000
-89.976000 47.726000 56.805000
-86.619000 39.966000 53.007000
-83.765000 37.747000 54.185000
-81.421000 38.580000 51.208000
-82.259000 42.032000 49.990000
-84.377000 40.784000 47.032000
-82.041000 42.841000 44.824000
-83.399000 45.649000 42.678000
-85.114000 47.154000 45.786000
-83.506000 50.517000 45.324000
-82.086000 50.071000 41.791000
-84.952000 48.403000 39.967000
-88.555000 49.613000 39.593000
-89.337000 46.690000 37.314000
-89.615000 44.532000 40.399000
-93.082000 44.002000 41.659000
-91.929000 44.606000 45.225000
-90.377000 47.990000 45.212000
-89.534000 50.603000 47.922000
-87.740000 53.967000 47.582000
-86.221000 54.481000 51.070000
-84.857000 57.314000 53.139000
-82.966000 55.236000 55.655000
-81.445000 51.823000 55.799000
-80.692000 49.746000 58.863000
-78.444000 46.818000 58.347000
-78.006000 44.384000 61.280000
-74.580000 43.040000 60.203000
-72.341000 44.816000 57.565000
-70.575000 41.508000 56.909000
-73.846000 39.618000 55.872000
-75.993000 42.541000 54.936000
-73.313000 43.629000 52.345000
-75.826000 43.293000 49.421000
-78.048000 45.965000 50.989000
-73.981000 47.783000 47.784000
-77.249000 49.327000 46.419000
-77.214000 51.894000 49.288000
-74.032000 53.414000 47.752000
-75.824000 53.876000 44.446000
-79.119000 55.578000 45.579000
-77.174000 57.922000 47.827000
-78.606000 57.056000 51.349000
-77.140000 57.715000 54.897000
-76.953000 54.418000 56.730000
-77.024000 53.280000 60.298000
-75.939000 49.892000 61.542000
10000.000000 10000.000000 10000.000000
-75.424000 47.667000 64.517000
-71.648000 47.145000 64.340000
-69.655000 44.412000 65.923000
-65.946000 44.122000 66.767000
-65.381000 42.111000 63.592000
-67.181000 44.638000 61.384000
-65.444000 47.364000 59.579000
10000.000000 10000.000000 10000.000000
10000.000000 10000.000000 10000.000000
10000.000000 10000.000000 10000.000000
10000.000000 10000.000000 10000.000000
10000.000000 10000.000000 10000.000000
10000.000000 10000.000000 10000.000000
10000.000000 10000.000000 10000.000000
10000.000000 10000.000000 10000.000000
10000.000000 10000.000000 10000.000000
10000.000000 10000.000000 10000.000000
10000.000000 10000.000000 10000.000000
10000.000000 10000.000000 10000.000000
10000.000000 10000.000000 10000.000000
10000.000000 10000.000000 10000.000000
10000.000000 10000.000000 10000.000000
10000.000000 10000.000000 10000.000000
10000.000000 10000.000000 10000.000000
10000.000000 10000.000000 10000.000000
10000.000000 10000.000000 10000.000000
10000.000000 10000.000000 10000.000000
10000.000000 10000.000000 10000.000000
10000.000000 10000.000000 10000.000000
10000.000000 10000.000000 10000.000000
10000.000000 10000.000000 10000.000000
10000.000000 10000.000000 10000.000000
10000.000000 10000.000000 10000.000000
10000.000000 10000.000000 10000.000000
10000.000000 10000.000000 10000.000000
10000.000000 10000.000000 10000.000000
10000.000000 10000.000000 10000.000000
10000.000000 10000.000000 10000.000000
10000.000000 10000.000000 10000.000000
10000.000000 10000.000000 10000.000000
10000.000000 10000.000000 10000.000000
10000.000000 10000.000000 10000.000000
10000.000000 10000.000000 10000.000000
10000.000000 10000.000000 10000.000000
10000.000000 10000.000000 10000.000000
10000.000000 10000.000000 10000.000000
10000.000000 10000.000000 10000.000000
10000.000000 10000.000000 10000.000000
10000.000000 10000.000000 10000.000000
10000.000000 10000.000000 10000.000000
10000.000000 10000.000000 10000.000000
10000.000000 10000.000000 10000.000000
10000.000000 10000.000000 10000.000000
10000.000000 10000.000000 10000.000000
10000.000000 10000.000000 10000.000000
10000.000000 10000.000000 10000.000000
10000.000000 10000.000000 10000.000000
10000.000000 10000.000000 10000.000000
10000.000000 10000.000000 10000.000000
10000.000000 10000.000000 10000.000000
10000.000000 10000.000000 10000.000000
10000.000000 10000.000000 10000.000000
10000.000000 10000.000000 10000.000000
10000.000000 10000.000000 10000.000000
10000.000000 10000.000000 10000.000000
10000.000000 10000.000000 10000.000000
10000.000000 10000.000000 10000.000000
10000.000000 10000.000000 10000.000000
