Score: 16.910000 41.000000 -1.612784
10000.000000 10000.000000 10000.000000
10000.000000 10000.000000 10000.000000
10000.000000 10000.000000 10000.000000
10000.000000 10000.000000 10000.000000
10000.000000 10000.000000 10000.000000
10000.000000 10000.000000 10000.000000
10000.000000 10000.000000 10000.000000
10000.000000 10000.000000 10000.000000
10000.000000 10000.000000 10000.000000
10000.000000 10000.000000 10000.000000
10000.000000 10000.000000 10000.000000
10000.000000 10000.000000 10000.000000
10000.000000 10000.000000 10000.000000
10000.000000 10000.000000 10000.000000
10000.000000 10000.000000 10000.000000
10000.000000 10000.000000 10000.000000
10000.000000 10000.000000 10000.000000
10000.000000 10000.000000 10000.000000
10000.000000 10000.000000 10000.000000
10000.000000 10000.000000 10000.000000
10000.000000 10000.000000 10000.000000
10000.000000 10000.000000 10000.000000
10000.000000 10000.000000 10000.000000
10000.000000 10000.000000 10000.000000
10000.000000 10000.000000 10000.000000
10000.000000 10000.000000 10000.000000
10000.000000 10000.000000 10000.000000
-72.476000 60.125000 78.431000
-72.576000 63.853000 77.561000
-72.108000 62.883000 73.904000
-75.056000 60.442000 74.053000
-77.167000 63.228000 75.625000
-76.533000 65.991000 73.059000
-77.187000 63.953000 69.902000
-80.578000 62.652000 71.116000
-81.758000 66.273000 71.548000
-80.261000 67.314000 68.183000
-81.662000 64.200000 66.428000
-85.162000 64.993000 67.726000
-84.809000 68.465000 66.172000
-83.848000 67.147000 62.697000
-86.503000 64.378000 62.499000
-89.241000 66.869000 63.509000
-88.067000 69.362000 60.848000
-89.009000 66.813000 58.163000
-92.795000 67.399000 58.175000
-95.255000 64.506000 57.634000
-93.748000 61.371000 59.302000
-94.767000 58.995000 56.465000
-91.678000 60.251000 54.585000
-89.303000 59.224000 57.418000
-88.183000 55.621000 56.951000
-86.718000 53.491000 59.719000
-84.911000 50.170000 59.349000
-83.589000 47.459000 61.631000
-82.052000 44.194000 60.437000
-81.050000 43.571000 64.077000
-83.615000 41.429000 65.941000
-83.489000 43.453000 69.197000
-88.044000 50.809000 65.855000
-91.667000 49.622000 65.448000
-92.779000 51.353000 68.684000
-90.814000 54.491000 67.751000
-92.750000 54.359000 64.458000
-96.006000 53.714000 66.353000
-95.956000 57.081000 68.137000
-94.170000 59.298000 65.583000
-95.839000 57.738000 62.501000
-92.749000 56.420000 60.691000
-92.606000 53.694000 58.028000
-87.887000 44.832000 59.630000
-86.346000 41.525000 58.530000
-83.974000 41.522000 55.554000
-83.384000 44.555000 53.372000
-84.331000 43.571000 49.821000
-82.134000 45.979000 47.787000
-83.269000 48.614000 45.285000
-85.748000 50.235000 47.687000
-84.321000 53.750000 47.250000
-83.224000 53.350000 43.609000
-85.601000 51.005000 41.735000
-89.150000 52.398000 41.545000
-90.647000 49.148000 40.204000
-90.260000 47.048000 43.386000
-93.029000 46.987000 46.013000
-90.565000 47.878000 48.803000
-89.907000 51.272000 47.139000
-90.293000 54.497000 49.116000
-89.199000 58.102000 48.575000
-88.203000 59.177000 52.124000
-86.467000 62.376000 53.251000
-84.668000 60.949000 56.295000
-83.297000 57.436000 56.925000
-82.814000 56.365000 60.563000
-80.840000 53.120000 60.875000
-79.862000 50.918000 63.826000
-76.251000 50.208000 62.902000
-74.611000 51.514000 59.667000
-72.529000 48.307000 59.598000
-75.644000 46.084000 59.679000
-78.047000 48.237000 57.630000
-75.201000 49.187000 55.250000
-76.889000 48.470000 51.887000
-79.799000 50.836000 52.631000
-75.356000 53.323000 50.114000
-78.557000 53.541000 48.040000
-80.007000 56.372000 50.186000
-76.976000 58.699000 50.059000
-76.712000 58.047000 46.288000
-80.220000 59.473000 45.693000
-79.273000 62.291000 48.142000
-81.457000 61.437000 51.140000
-79.679000 62.238000 54.469000
-78.879000 59.426000 56.896000
-78.813000 59.504000 60.693000
-77.453000 56.439000 62.468000
10000.000000 10000.000000 10000.000000
-76.465000 55.109000 65.845000
-72.691000 54.593000 65.932000
-71.262000 51.951000 68.241000
-67.531000 51.756000 68.752000
-66.439000 49.300000 66.023000
-68.627000 51.028000 63.404000
-67.100000 53.484000 60.861000
10000.000000 10000.000000 10000.000000
10000.000000 10000.000000 10000.000000
10000.000000 10000.000000 10000.000000
10000.000000 10000.000000 10000.000000
10000.000000 10000.000000 10000.000000
10000.000000 10000.000000 10000.000000
10000.000000 10000.000000 10000.000000
10000.000000 10000.000000 10000.000000
10000.000000 10000.000000 10000.000000
10000.000000 10000.000000 10000.000000
10000.000000 10000.000000 10000.000000
10000.000000 10000.000000 10000.000000
10000.000000 10000.000000 10000.000000
10000.000000 10000.000000 10000.000000
10000.000000 10000.000000 10000.000000
10000.000000 10000.000000 10000.000000
10000.000000 10000.000000 10000.000000
10000.000000 10000.000000 10000.000000
10000.000000 10000.000000 10000.000000
10000.000000 10000.000000 10000.000000
10000.000000 10000.000000 10000.000000
10000.000000 10000.000000 10000.000000
10000.000000 10000.000000 10000.000000
10000.000000 10000.000000 10000.000000
10000.000000 10000.000000 10000.000000
10000.000000 10000.000000 10000.000000
10000.000000 10000.000000 10000.000000
10000.000000 10000.000000 10000.000000
10000.000000 10000.000000 10000.000000
10000.000000 10000.000000 10000.000000
10000.000000 10000.000000 10000.000000
10000.000000 10000.000000 10000.000000
10000.000000 10000.000000 10000.000000
10000.000000 10000.000000 10000.000000
10000.000000 10000.000000 10000.000000
10000.000000 10000.000000 10000.000000
10000.000000 10000.000000 10000.000000
10000.000000 10000.000000 10000.000000
10000.000000 10000.000000 10000.000000
10000.000000 10000.000000 10000.000000
10000.000000 10000.000000 10000.000000
10000.000000 10000.000000 10000.000000
10000.000000 10000.000000 10000.000000
10000.000000 10000.000000 10000.000000
10000.000000 10000.000000 10000.000000
10000.000000 10000.000000 10000.000000
10000.000000 10000.000000 10000.000000
10000.000000 10000.000000 10000.000000
10000.000000 10000.000000 10000.000000
10000.000000 10000.000000 10000.000000
10000.000000 10000.000000 10000.000000
10000.000000 10000.000000 10000.000000
10000.000000 10000.000000 10000.000000
10000.000000 10000.000000 10000.000000
10000.000000 10000.000000 10000.000000
10000.000000 10000.000000 10000.000000
10000.000000 10000.000000 10000.000000
10000.000000 10000.000000 10000.000000
10000.000000 10000.000000 10000.000000
10000.000000 10000.000000 10000.000000
10000.000000 10000.000000 10000.000000
