Score: 10.780000 410.000000 -2.612784
10000.000000 10000.000000 10000.000000
10000.000000 10000.000000 10000.000000
10000.000000 10000.000000 10000.000000
10000.000000 10000.000000 10000.000000
10000.000000 10000.000000 10000.000000
10000.000000 10000.000000 10000.000000
10000.000000 10000.000000 10000.000000
10000.000000 10000.000000 10000.000000
10000.000000 10000.000000 10000.000000
10000.000000 10000.000000 10000.000000
10000.000000 10000.000000 10000.000000
10000.000000 10000.000000 10000.000000
10000.000000 10000.000000 10000.000000
10000.000000 10000.000000 10000.000000
10000.000000 10000.000000 10000.000000
10000.000000 10000.000000 10000.000000
10000.000000 10000.000000 10000.000000
10000.000000 10000.000000 10000.000000
10000.000000 10000.000000 10000.000000
10000.000000 10000.000000 10000.000000
10000.000000 10000.000000 10000.000000
10000.000000 10000.000000 10000.000000
10000.000000 10000.000000 10000.000000
10000.000000 10000.000000 10000.000000
10000.000000 10000.000000 10000.000000
10000.000000 10000.000000 10000.000000
10000.000000 10000.000000 10000.000000
10000.000000 10000.000000 10000.000000
10000.000000 10000.000000 10000.000000
10000.000000 10000.000000 10000.000000
10000.000000 10000.000000 10000.000000
10000.000000 10000.000000 10000.000000
10000.000000 10000.000000 10000.000000
10000.000000 10000.000000 10000.000000
10000.000000 10000.000000 10000.000000
10000.000000 10000.000000 10000.000000
10000.000000 10000.000000 10000.000000
10000.000000 10000.000000 10000.000000
10000.000000 10000.000000 10000.000000
10000.000000 10000.000000 10000.000000
10000.000000 10000.000000 10000.000000
10000.000000 10000.000000 10000.000000
10000.000000 10000.000000 10000.000000
10000.000000 10000.000000 10000.000000
10000.000000 10000.000000 10000.000000
10000.000000 10000.000000 10000.000000
10000.000000 10000.000000 10000.000000
10000.000000 10000.000000 10000.000000
10000.000000 10000.000000 10000.000000
10000.000000 10000.000000 10000.000000
10000.000000 10000.000000 10000.000000
10000.000000 10000.000000 10000.000000
10000.000000 10000.000000 10000.000000
10000.000000 10000.000000 10000.000000
10000.000000 10000.000000 10000.000000
10000.000000 10000.000000 10000.000000
10000.000000 10000.000000 10000.000000
10000.000000 10000.000000 10000.000000
10000.000000 10000.000000 10000.000000
10000.000000 10000.000000 10000.000000
10000.000000 10000.000000 10000.000000
10000.000000 10000.000000 10000.000000
5.797000 3.594000 8.485000
3.586000 1.418000 10.660000
2.972000 3.602000 13.731000
1.988000 6.621000 11.622000
0.252000 4.597000 8.947000
-2.834000 6.140000 10.529000
-3.175000 3.023000 12.632000
-4.771000 3.475000 16.058000
-2.879000 1.828000 18.967000
-6.003000 0.020000 20.268000
-5.707000 -2.068000 17.090000
-2.402000 -3.389000 18.527000
-1.551000 -5.499000 21.601000
-3.828000 -8.387000 20.631000
-0.820000 -9.176000 18.446000
1.600000 -11.852000 19.509000
5.204000 -12.048000 18.309000
7.050000 -15.360000 18.131000
10.826000 -15.743000 17.903000
8.994000 -23.682000 16.428000
8.375000 -21.331000 19.330000
5.059000 -20.409000 17.744000
4.086000 -24.059000 17.432000
5.132000 -24.617000 21.087000
3.172000 -21.724000 22.579000
0.106000 -21.890000 20.285000
-0.200000 -25.610000 19.552000
-2.590000 -24.847000 16.656000
-5.362000 -27.398000 16.293000
-4.959000 -27.235000 12.504000
-2.465000 -24.980000 10.778000
-3.121000 -23.861000 7.207000
-0.493000 -22.344000 4.817000
-1.391000 -19.991000 1.941000
1.133000 -20.903000 -0.731000
1.040000 -20.615000 -4.531000
2.064000 -24.251000 -4.208000
-1.218000 -25.323000 -2.595000
-3.903000 -27.290000 -4.470000
-7.223000 -26.691000 -2.840000
-8.381000 -23.067000 -3.110000
-8.834000 -21.069000 0.061000
-12.597000 -21.382000 -0.236000
-12.368000 -25.154000 -0.950000
-11.550000 -26.146000 2.647000
-13.872000 -25.910000 5.568000
-12.591000 -22.715000 15.350000
-9.060000 -23.461000 16.418000
-7.624000 -23.038000 12.883000
-4.421000 -20.957000 12.444000
-3.854000 -19.519000 8.904000
-0.273000 -18.849000 7.988000
1.124000 -16.503000 5.307000
4.567000 -16.109000 3.856000
10000.000000 10000.000000 10000.000000
10000.000000 10000.000000 10000.000000
10000.000000 10000.000000 10000.000000
10000.000000 10000.000000 10000.000000
10000.000000 10000.000000 10000.000000
6.692000 -13.019000 3.231000
5.876000 -10.723000 0.411000
9.012000 -11.661000 -1.585000
9.198000 -15.470000 -1.166000
6.975000 -18.266000 0.031000
6.737000 -20.073000 3.309000
9.802000 -22.335000 3.551000
9.605000 -25.729000 1.873000
10.958000 -27.261000 5.023000
7.803000 -26.137000 6.824000
5.451000 -26.883000 3.911000
6.923000 -30.341000 3.657000
5.439000 -31.170000 7.027000
1.876000 -30.181000 6.333000
-0.733000 -32.298000 4.679000
-1.640000 -31.263000 1.127000
-3.943000 -27.677000 4.506000
-1.769000 -25.971000 1.886000
-4.125000 -23.621000 0.187000
-3.962000 -21.166000 -2.660000
-5.904000 -18.105000 -3.821000
-7.004000 -18.850000 -7.434000
10000.000000 10000.000000 10000.000000
10000.000000 10000.000000 10000.000000
10000.000000 10000.000000 10000.000000
10000.000000 10000.000000 10000.000000
10000.000000 10000.000000 10000.000000
10000.000000 10000.000000 10000.000000
-5.432000 -16.890000 -10.289000
-5.806000 -16.843000 -14.049000
-2.995000 -17.743000 -16.501000
-0.675000 -13.784000 -13.188000
1.715000 -11.907000 -10.893000
2.020000 -11.961000 -7.130000
-0.853000 -10.509000 -5.239000
-0.010000 -8.042000 -2.426000
0.287000 -9.736000 0.957000
-2.400000 -7.592000 2.594000
-4.841000 -8.282000 -0.264000
-4.066000 -12.058000 0.161000
-4.666000 -11.905000 3.852000
-7.841000 -9.840000 3.456000
-9.233000 -12.306000 0.949000
-8.480000 -15.362000 3.096000
-9.759000 -13.829000 6.333000
10000.000000 10000.000000 10000.000000
10000.000000 10000.000000 10000.000000
10000.000000 10000.000000 10000.000000
10000.000000 10000.000000 10000.000000
10000.000000 10000.000000 10000.000000
10000.000000 10000.000000 10000.000000
10000.000000 10000.000000 10000.000000
10000.000000 10000.000000 10000.000000
10000.000000 10000.000000 10000.000000
10000.000000 10000.000000 10000.000000
10000.000000 10000.000000 10000.000000
10000.000000 10000.000000 10000.000000
10000.000000 10000.000000 10000.000000
10000.000000 10000.000000 10000.000000
10000.000000 10000.000000 10000.000000
10000.000000 10000.000000 10000.000000
10000.000000 10000.000000 10000.000000
10000.000000 10000.000000 10000.000000
10000.000000 10000.000000 10000.000000
