Score: 14.100000 120.000000 -2.079181
10000.000000 10000.000000 10000.000000
10000.000000 10000.000000 10000.000000
10000.000000 10000.000000 10000.000000
10000.000000 10000.000000 10000.000000
10000.000000 10000.000000 10000.000000
10000.000000 10000.000000 10000.000000
10000.000000 10000.000000 10000.000000
10000.000000 10000.000000 10000.000000
10000.000000 10000.000000 10000.000000
10000.000000 10000.000000 10000.000000
2.745000 21.587000 15.144000
6.111000 22.896000 13.952000
6.014000 26.652000 14.523000
8.506000 28.684000 12.641000
8.933000 32.200000 13.998000
10.099000 34.878000 11.609000
12.753000 33.189000 9.508000
12.629000 36.353000 7.366000
15.185000 37.721000 4.944000
16.213000 40.812000 6.972000
17.723000 38.444000 9.555000
20.213000 36.749000 7.259000
23.594000 38.371000 6.676000
23.723000 36.358000 3.375000
21.541000 38.052000 13.220000
24.357000 35.734000 14.212000
24.158000 32.215000 12.729000
20.814000 32.637000 10.997000
21.801000 30.515000 7.978000
22.847000 27.568000 10.139000
19.714000 27.947000 12.265000
17.547000 27.914000 9.160000
19.477000 24.890000 7.924000
18.313000 23.024000 11.053000
14.759000 24.431000 10.810000
14.591000 23.162000 7.167000
15.674000 19.719000 8.421000
12.687000 19.823000 10.867000
10.423000 21.283000 8.212000
11.178000 18.332000 5.941000
10.489000 15.774000 8.691000
7.045000 17.272000 9.577000
5.915000 17.385000 5.943000
7.328000 13.869000 5.463000
4.933000 12.815000 8.254000
1.317000 14.074000 8.269000
2.226000 16.767000 10.624000
0.993000 20.336000 11.084000
3.344000 23.186000 10.081000
2.561000 26.811000 11.012000
4.570000 29.903000 10.076000
4.760000 33.274000 11.740000
5.987000 36.390000 9.991000
6.505000 39.950000 11.307000
5.847000 43.324000 9.739000
6.124000 46.757000 11.339000
10000.000000 10000.000000 10000.000000
4.991000 51.818000 9.152000
7.252000 52.412000 6.110000
9.906000 54.028000 8.351000
10.292000 50.856000 10.388000
13.892000 49.732000 10.989000
13.460000 46.277000 9.432000
10.603000 44.074000 8.257000
10000.000000 10000.000000 10000.000000
10000.000000 10000.000000 10000.000000
10000.000000 10000.000000 10000.000000
9.133000 46.943000 6.308000
5.593000 46.122000 5.422000
5.328000 44.601000 1.906000
9.136000 44.512000 1.495000
11.227000 41.586000 0.251000
13.182000 41.917000 3.548000
10.029000 40.824000 5.445000
9.478000 37.752000 3.261000
10.196000 34.272000 4.669000
13.602000 33.125000 3.578000
13.524000 30.442000 0.822000
12.267000 27.523000 5.000000
9.546000 28.850000 2.651000
5.882000 27.980000 3.309000
3.816000 25.563000 1.176000
0.128000 25.515000 0.298000
-1.948000 24.346000 3.243000
0.523000 25.678000 5.821000
-0.906000 28.774000 7.513000
1.193000 31.917000 7.758000
0.379000 34.263000 10.611000
1.276000 37.929000 10.197000
2.178000 39.719000 13.458000
3.103000 43.256000 14.562000
4.044000 42.628000 18.210000
6.858000 40.714000 19.870000
3.202000 35.914000 18.340000
-0.208000 35.449000 20.073000
-0.760000 39.184000 20.609000
-3.407000 40.718000 18.294000
-2.833000 37.809000 15.905000
-4.897000 34.819000 14.897000
-2.266000 32.368000 16.111000
-4.368000 30.817000 18.875000
-7.525000 30.556000 16.776000
-5.327000 28.975000 14.115000
-3.697000 26.413000 16.452000
-7.052000 25.746000 18.132000
-8.511000 24.910000 14.714000
-5.946000 22.153000 14.052000
10000.000000 10000.000000 10000.000000
-2.918000 21.405000 18.230000
-1.721000 20.384000 21.733000
2.035000 20.686000 21.523000
4.557000 22.863000 19.666000
8.094000 22.533000 18.311000
9.525000 26.069000 18.111000
12.216000 27.367000 15.789000
13.137000 30.802000 14.460000
14.269000 34.221000 15.631000
15.097000 36.137000 17.725000
15.960000 33.836000 20.729000
15.909000 36.663000 23.306000
12.882000 38.367000 21.932000
10.205000 36.487000 19.970000
11.239000 32.906000 20.787000
10000.000000 10000.000000 10000.000000
10000.000000 10000.000000 10000.000000
11.318000 33.707000 24.535000
7.931000 35.430000 24.199000
6.109000 32.745000 22.252000
7.446000 29.843000 24.290000
6.434000 31.399000 27.626000
3.108000 32.594000 26.256000
2.346000 29.144000 24.793000
3.333000 27.114000 27.863000
1.186000 29.492000 29.974000
-1.718000 28.967000 27.593000
-1.368000 25.215000 28.017000
0.694000 23.836000 25.115000
3.563000 21.445000 25.767000
6.513000 23.193000 24.143000
9.828000 22.148000 22.771000
10000.000000 10000.000000 10000.000000
10000.000000 10000.000000 10000.000000
10000.000000 10000.000000 10000.000000
10000.000000 10000.000000 10000.000000
10000.000000 10000.000000 10000.000000
10000.000000 10000.000000 10000.000000
10000.000000 10000.000000 10000.000000
10000.000000 10000.000000 10000.000000
10000.000000 10000.000000 10000.000000
10000.000000 10000.000000 10000.000000
10000.000000 10000.000000 10000.000000
10000.000000 10000.000000 10000.000000
10000.000000 10000.000000 10000.000000
10000.000000 10000.000000 10000.000000
10000.000000 10000.000000 10000.000000
10000.000000 10000.000000 10000.000000
10000.000000 10000.000000 10000.000000
10000.000000 10000.000000 10000.000000
10000.000000 10000.000000 10000.000000
10000.000000 10000.000000 10000.000000
10000.000000 10000.000000 10000.000000
10000.000000 10000.000000 10000.000000
10000.000000 10000.000000 10000.000000
10000.000000 10000.000000 10000.000000
10000.000000 10000.000000 10000.000000
10000.000000 10000.000000 10000.000000
10000.000000 10000.000000 10000.000000
10000.000000 10000.000000 10000.000000
10000.000000 10000.000000 10000.000000
10000.000000 10000.000000 10000.000000
10000.000000 10000.000000 10000.000000
10000.000000 10000.000000 10000.000000
10000.000000 10000.000000 10000.000000
10000.000000 10000.000000 10000.000000
10000.000000 10000.000000 10000.000000
10000.000000 10000.000000 10000.000000
10000.000000 10000.000000 10000.000000
10000.000000 10000.000000 10000.000000
10000.000000 10000.000000 10000.000000
10000.000000 10000.000000 10000.000000
10000.000000 10000.000000 10000.000000
10000.000000 10000.000000 10000.000000
10000.000000 10000.000000 10000.000000
10000.000000 10000.000000 10000.000000
10000.000000 10000.000000 10000.000000
