Score: 8.600000 920.000000 -2.963788
10000.000000 10000.000000 10000.000000
10000.000000 10000.000000 10000.000000
10000.000000 10000.000000 10000.000000
10000.000000 10000.000000 10000.000000
10000.000000 10000.000000 10000.000000
10000.000000 10000.000000 10000.000000
10000.000000 10000.000000 10000.000000
10000.000000 10000.000000 10000.000000
10000.000000 10000.000000 10000.000000
10000.000000 10000.000000 10000.000000
10000.000000 10000.000000 10000.000000
10000.000000 10000.000000 10000.000000
10000.000000 10000.000000 10000.000000
10000.000000 10000.000000 10000.000000
10000.000000 10000.000000 10000.000000
10000.000000 10000.000000 10000.000000
10000.000000 10000.000000 10000.000000
10000.000000 10000.000000 10000.000000
10000.000000 10000.000000 10000.000000
10000.000000 10000.000000 10000.000000
10000.000000 10000.000000 10000.000000
10000.000000 10000.000000 10000.000000
10000.000000 10000.000000 10000.000000
10000.000000 10000.000000 10000.000000
10000.000000 10000.000000 10000.000000
10000.000000 10000.000000 10000.000000
-25.281000 -34.858000 9.004000
-21.705000 -33.473000 9.142000
-20.085000 -36.330000 11.074000
-21.036000 -38.508000 8.096000
-18.329000 -36.794000 6.037000
-15.589000 -38.329000 8.175000
-14.409000 -40.669000 5.354000
-13.969000 -37.725000 2.974000
-11.905000 -35.572000 5.349000
-9.598000 -38.125000 6.982000
-7.326000 -38.383000 3.901000
-6.910000 -34.606000 3.864000
-5.881000 -34.543000 7.536000
-3.487000 -37.401000 6.733000
-1.888000 -35.484000 3.902000
-1.589000 -32.404000 6.076000
0.083000 -34.366000 8.860000
2.327000 -36.031000 6.293000
3.411000 -32.535000 5.172000
4.025000 -31.390000 8.749000
6.275000 -34.363000 9.408000
8.410000 -33.638000 6.323000
1.135000 -32.243000 16.773000
-1.458000 -31.068000 19.260000
-4.770000 -32.257000 17.881000
-7.765000 -30.702000 19.650000
-16.263000 -32.907000 27.022000
-19.813000 -32.916000 25.612000
-22.600000 -35.500000 25.787000
-21.837000 -37.554000 22.687000
-24.162000 -40.066000 21.067000
-22.660000 -43.552000 21.072000
-22.500000 -43.421000 17.273000
-20.230000 -40.380000 17.493000
-18.054000 -41.866000 20.248000
-17.084000 -44.745000 17.934000
-15.601000 -42.331000 15.401000
-12.485000 -41.543000 17.473000
-11.104000 -45.089000 16.983000
-11.883000 -44.880000 13.274000
-10.314000 -41.437000 12.768000
-7.125000 -42.039000 14.742000
-1.458000 -42.420000 13.032000
1.535000 -43.987000 11.241000
5.277000 -43.744000 10.613000
4.788000 -40.962000 8.066000
3.026000 -38.527000 10.434000
3.943000 -36.628000 13.626000
-0.441000 -36.778000 17.953000
-1.454000 -35.433000 21.368000
-5.214000 -35.715000 21.581000
-6.322000 -32.648000 23.420000
-9.401000 -31.814000 25.471000
-10.405000 -28.846000 27.619000
-13.249000 -26.974000 29.416000
-14.780000 -30.158000 30.877000
-15.087000 -33.804000 31.852000
-14.216000 -36.584000 29.396000
-15.084000 -39.473000 31.741000
-18.515000 -40.288000 30.148000
-16.708000 -40.618000 26.825000
-13.802000 -42.576000 28.270000
-14.401000 -45.834000 26.390000
-7.799000 -47.809000 22.759000
-2.178000 -41.614000 19.679000
0.989000 -40.676000 21.595000
-0.746000 -38.842000 24.440000
-3.696000 -36.921000 25.841000
-4.284000 -33.554000 27.463000
-6.912000 -32.980000 30.124000
-8.267000 -29.958000 31.878000
-7.585000 -30.359000 35.609000
-8.533000 -26.748000 36.347000
-12.213000 -27.275000 35.490000
-7.611000 -40.730000 38.524000
-9.827000 -42.325000 35.885000
-8.304000 -40.716000 32.815000
-4.832000 -41.561000 34.055000
-5.979000 -45.160000 34.472000
-6.553000 -45.789000 30.721000
-3.223000 -44.356000 29.578000
-1.420000 -46.918000 27.434000
2.243000 -47.873000 27.725000
3.964000 -45.079000 25.858000
1.170000 -42.516000 26.018000
10000.000000 10000.000000 10000.000000
1.903000 -39.242000 27.807000
-0.449000 -37.250000 30.012000
-0.557000 -33.473000 29.699000
-1.955000 -32.065000 32.974000
-3.756000 -28.746000 32.408000
-3.204000 -26.959000 35.731000
-2.780000 -23.263000 34.789000
-6.151000 -21.669000 33.997000
-9.616000 -18.764000 30.888000
-9.105000 -16.665000 33.998000
-6.692000 -14.125000 35.363000
-5.964000 -15.309000 38.902000
-2.388000 -16.026000 39.930000
-1.955000 -19.800000 40.128000
10000.000000 10000.000000 10000.000000
10000.000000 10000.000000 10000.000000
10000.000000 10000.000000 10000.000000
10000.000000 10000.000000 10000.000000
10000.000000 10000.000000 10000.000000
10000.000000 10000.000000 10000.000000
10000.000000 10000.000000 10000.000000
10000.000000 10000.000000 10000.000000
10000.000000 10000.000000 10000.000000
10000.000000 10000.000000 10000.000000
10000.000000 10000.000000 10000.000000
10000.000000 10000.000000 10000.000000
10000.000000 10000.000000 10000.000000
10000.000000 10000.000000 10000.000000
10000.000000 10000.000000 10000.000000
10000.000000 10000.000000 10000.000000
10000.000000 10000.000000 10000.000000
10000.000000 10000.000000 10000.000000
10000.000000 10000.000000 10000.000000
10000.000000 10000.000000 10000.000000
10000.000000 10000.000000 10000.000000
10000.000000 10000.000000 10000.000000
10000.000000 10000.000000 10000.000000
10000.000000 10000.000000 10000.000000
10000.000000 10000.000000 10000.000000
10000.000000 10000.000000 10000.000000
10000.000000 10000.000000 10000.000000
10000.000000 10000.000000 10000.000000
10000.000000 10000.000000 10000.000000
10000.000000 10000.000000 10000.000000
10000.000000 10000.000000 10000.000000
10000.000000 10000.000000 10000.000000
10000.000000 10000.000000 10000.000000
10000.000000 10000.000000 10000.000000
10000.000000 10000.000000 10000.000000
10000.000000 10000.000000 10000.000000
10000.000000 10000.000000 10000.000000
10000.000000 10000.000000 10000.000000
10000.000000 10000.000000 10000.000000
10000.000000 10000.000000 10000.000000
10000.000000 10000.000000 10000.000000
10000.000000 10000.000000 10000.000000
10000.000000 10000.000000 10000.000000
10000.000000 10000.000000 10000.000000
10000.000000 10000.000000 10000.000000
10000.000000 10000.000000 10000.000000
10000.000000 10000.000000 10000.000000
10000.000000 10000.000000 10000.000000
10000.000000 10000.000000 10000.000000
10000.000000 10000.000000 10000.000000
10000.000000 10000.000000 10000.000000
10000.000000 10000.000000 10000.000000
10000.000000 10000.000000 10000.000000
10000.000000 10000.000000 10000.000000
10000.000000 10000.000000 10000.000000
10000.000000 10000.000000 10000.000000
10000.000000 10000.000000 10000.000000
10000.000000 10000.000000 10000.000000
10000.000000 10000.000000 10000.000000
