Score: 9.180000 750.000000 -2.875061
10000.000000 10000.000000 10000.000000
10000.000000 10000.000000 10000.000000
10000.000000 10000.000000 10000.000000
10000.000000 10000.000000 10000.000000
10000.000000 10000.000000 10000.000000
10000.000000 10000.000000 10000.000000
10000.000000 10000.000000 10000.000000
10000.000000 10000.000000 10000.000000
10000.000000 10000.000000 10000.000000
10000.000000 10000.000000 10000.000000
10000.000000 10000.000000 10000.000000
10000.000000 10000.000000 10000.000000
10000.000000 10000.000000 10000.000000
10000.000000 10000.000000 10000.000000
10000.000000 10000.000000 10000.000000
10000.000000 10000.000000 10000.000000
10000.000000 10000.000000 10000.000000
10000.000000 10000.000000 10000.000000
10000.000000 10000.000000 10000.000000
10000.000000 10000.000000 10000.000000
10000.000000 10000.000000 10000.000000
10000.000000 10000.000000 10000.000000
10000.000000 10000.000000 10000.000000
20.613000 -39.749000 58.719000
17.439000 -41.878000 58.729000
18.785000 -43.456000 61.925000
19.574000 -40.066000 63.533000
16.112000 -38.745000 62.635000
14.498000 -42.087000 63.604000
15.967000 -42.100000 67.122000
14.984000 -38.443000 67.636000
11.373000 -38.793000 66.405000
10.607000 -41.816000 68.601000
12.324000 -40.263000 71.626000
10.582000 -36.865000 71.258000
7.274000 -38.707000 71.353000
8.367000 -41.054000 74.210000
9.784000 -38.222000 76.386000
6.518000 -36.254000 76.024000
3.845000 -38.756000 77.232000
3.165000 -39.923000 73.671000
3.962000 -43.515000 72.746000
10000.000000 10000.000000 10000.000000
10000.000000 10000.000000 10000.000000
5.653000 -43.865000 69.276000
3.379000 -46.820000 68.351000
0.229000 -44.660000 68.708000
1.312000 -42.748000 65.539000
-0.566000 -44.208000 62.532000
0.159000 -41.571000 59.849000
3.029000 -39.278000 58.800000
2.743000 -36.197000 56.531000
5.773000 -34.355000 55.166000
6.069000 -30.688000 54.230000
9.515000 -30.391000 52.860000
11.287000 -27.303000 51.539000
14.850000 -28.614000 51.775000
15.657000 -31.480000 49.431000
18.966000 -32.456000 51.060000
16.854000 -33.410000 54.123000
14.178000 -35.290000 52.108000
15.827000 -38.700000 51.550000
16.727000 -39.546000 55.159000
13.416000 -38.335000 56.610000
11.289000 -40.607000 54.394000
13.713000 -43.461000 55.074000
13.515000 -42.844000 58.852000
9.739000 -43.254000 58.824000
9.606000 -46.608000 56.966000
12.284000 -48.114000 59.241000
11.070000 -46.793000 62.618000
7.304000 -46.387000 62.120000
6.595000 -48.614000 59.076000
4.750000 -45.668000 57.501000
-4.211000 -29.119000 47.074000
-7.603000 -27.624000 46.167000
-5.893000 -24.449000 44.926000
-5.508000 -22.889000 41.478000
-1.815000 -21.942000 41.258000
-1.340000 -18.879000 39.000000
2.443000 -19.267000 38.693000
4.037000 -19.649000 35.248000
5.865000 -22.645000 36.647000
3.628000 -23.885000 39.541000
-8.654000 -21.057000 52.860000
-9.911000 -23.826000 55.152000
-9.990000 -21.706000 58.309000
-11.407000 -18.689000 56.481000
-13.143000 -20.176000 53.369000
-14.890000 -17.414000 51.390000
-12.560000 -14.417000 51.703000
-9.615000 -12.991000 49.726000
-6.523000 -13.523000 51.919000
-3.030000 -12.063000 52.176000
-1.027000 -14.529000 54.269000
2.245000 -13.277000 55.846000
4.925000 -15.632000 57.187000
7.306000 -13.857000 59.618000
9.923000 -16.655000 59.507000
13.393000 -17.170000 57.958000
12.209000 -15.086000 55.038000
9.154000 -12.804000 55.427000
6.713000 -13.881000 52.733000
3.483000 -12.265000 51.511000
1.116000 -14.592000 49.623000
-2.057000 -13.533000 47.774000
-4.995000 -15.939000 47.779000
-8.290000 -14.987000 46.109000
-11.604000 -16.163000 47.635000
-12.257000 -18.835000 44.955000
-8.983000 -20.588000 46.033000
-6.552000 -19.121000 43.482000
-2.897000 -18.825000 44.557000
-1.963000 -15.614000 42.745000
10000.000000 10000.000000 10000.000000
1.637000 -15.253000 43.949000
3.174000 -12.541000 46.131000
6.367000 -11.078000 47.623000
9.313000 -12.253000 49.720000
10000.000000 10000.000000 10000.000000
10000.000000 10000.000000 10000.000000
10000.000000 10000.000000 10000.000000
10000.000000 10000.000000 10000.000000
11.593000 -10.339000 52.099000
14.493000 -11.232000 54.342000
13.376000 -11.949000 57.913000
14.213000 -9.728000 60.875000
17.012000 -11.971000 62.129000
18.191000 -12.441000 58.538000
18.277000 -8.636000 58.151000
10000.000000 10000.000000 10000.000000
20.161000 -8.250000 61.440000
22.602000 -11.078000 60.646000
23.404000 -9.660000 57.190000
24.265000 -6.265000 58.672000
26.883000 -7.895000 60.944000
28.128000 -10.489000 58.426000
28.877000 -7.996000 55.641000
30.354000 -5.102000 57.638000
33.631000 -4.579000 59.508000
32.086000 -2.500000 62.318000
28.340000 -3.323000 62.556000
27.647000 -5.722000 65.487000
25.132000 -8.583000 65.846000
21.879000 -7.430000 67.456000
10000.000000 10000.000000 10000.000000
10000.000000 10000.000000 10000.000000
10000.000000 10000.000000 10000.000000
10000.000000 10000.000000 10000.000000
10000.000000 10000.000000 10000.000000
10000.000000 10000.000000 10000.000000
10000.000000 10000.000000 10000.000000
10000.000000 10000.000000 10000.000000
10000.000000 10000.000000 10000.000000
10000.000000 10000.000000 10000.000000
10000.000000 10000.000000 10000.000000
10000.000000 10000.000000 10000.000000
10000.000000 10000.000000 10000.000000
10000.000000 10000.000000 10000.000000
10000.000000 10000.000000 10000.000000
10000.000000 10000.000000 10000.000000
10000.000000 10000.000000 10000.000000
10000.000000 10000.000000 10000.000000
10000.000000 10000.000000 10000.000000
10000.000000 10000.000000 10000.000000
10000.000000 10000.000000 10000.000000
10000.000000 10000.000000 10000.000000
10000.000000 10000.000000 10000.000000
10000.000000 10000.000000 10000.000000
10000.000000 10000.000000 10000.000000
10000.000000 10000.000000 10000.000000
10000.000000 10000.000000 10000.000000
10000.000000 10000.000000 10000.000000
10000.000000 10000.000000 10000.000000
10000.000000 10000.000000 10000.000000
10000.000000 10000.000000 10000.000000
10000.000000 10000.000000 10000.000000
10000.000000 10000.000000 10000.000000
10000.000000 10000.000000 10000.000000
10000.000000 10000.000000 10000.000000
10000.000000 10000.000000 10000.000000
10000.000000 10000.000000 10000.000000
10000.000000 10000.000000 10000.000000
10000.000000 10000.000000 10000.000000
10000.000000 10000.000000 10000.000000
