Score: 14.460000 100.000000 -2.000000
10000.000000 10000.000000 10000.000000
10000.000000 10000.000000 10000.000000
10000.000000 10000.000000 10000.000000
10000.000000 10000.000000 10000.000000
10000.000000 10000.000000 10000.000000
10000.000000 10000.000000 10000.000000
10000.000000 10000.000000 10000.000000
10000.000000 10000.000000 10000.000000
10000.000000 10000.000000 10000.000000
-16.389000 -27.503000 -31.857000
-18.490000 -30.670000 -31.574000
-21.551000 -28.728000 -30.427000
-24.610000 -28.200000 -32.572000
-25.458000 -24.491000 -32.749000
-29.090000 -23.625000 -33.327000
-30.829000 -20.317000 -33.787000
-33.128000 -19.075000 -31.063000
-36.762000 -19.886000 -31.851000
-38.534000 -17.626000 -29.319000
-42.182000 -18.112000 -30.353000
-41.956000 -21.815000 -29.696000
-40.209000 -21.332000 -26.329000
10000.000000 10000.000000 10000.000000
10000.000000 10000.000000 10000.000000
10000.000000 10000.000000 10000.000000
-43.002000 -18.942000 -25.411000
-45.493000 -21.641000 -26.279000
-43.858000 -24.111000 -23.859000
-43.516000 -21.500000 -21.137000
-47.146000 -20.432000 -21.502000
-48.226000 -24.066000 -21.103000
-46.147000 -24.589000 -17.978000
-47.335000 -21.315000 -16.485000
-50.846000 -22.604000 -17.058000
-50.023000 -25.848000 -15.244000
-48.695000 -23.753000 -12.384000
-51.587000 -21.366000 -11.804000
-53.877000 -24.374000 -11.258000
-51.958000 -25.119000 -8.050000
-51.616000 -21.575000 -6.782000
-53.584000 -18.896000 -4.961000
-51.473000 -16.291000 -6.730000
-48.754000 -16.604000 -9.353000
-40.960000 -13.293000 -13.218000
-39.768000 -14.121000 -16.709000
-40.160000 -16.721000 -19.429000
-38.552000 -19.390000 -17.236000
-39.356000 -18.249000 -13.674000
-42.486000 -18.065000 -11.560000
-43.328000 -17.536000 -7.864000
-46.426000 -19.290000 -6.545000
-48.165000 -18.253000 -3.341000
-49.711000 -21.473000 -2.038000
-50.399000 -20.339000 1.572000
-54.164000 -20.741000 1.422000
-53.692000 -23.873000 -0.742000
-53.979000 -24.876000 4.403000
-45.048000 -29.656000 4.841000
-45.182000 -32.132000 -1.268000
-47.155000 -29.835000 -3.516000
-43.812000 -28.716000 -4.943000
-42.898000 -32.336000 -5.616000
-46.200000 -32.969000 -7.386000
-45.522000 -29.877000 -9.431000
-42.036000 -30.990000 -10.545000
-43.456000 -34.383000 -11.440000
-46.423000 -32.933000 -13.329000
-44.321000 -30.674000 -15.551000
-41.943000 -33.586000 -16.106000
-44.695000 -36.010000 -17.108000
-43.999000 -31.526000 -20.825000
-40.823000 -33.507000 -20.277000
-39.323000 -30.300000 -18.906000
-37.246000 -30.654000 -15.722000
-37.448000 -27.721000 -13.362000
-35.903000 -26.644000 -10.123000
-38.095000 -25.554000 -7.237000
-37.473000 -23.740000 -3.993000
-39.982000 -23.771000 -1.128000
-39.658000 -21.115000 1.593000
-41.648000 -18.555000 3.590000
-40.765000 -15.761000 1.114000
-39.955000 -14.986000 -2.502000
-36.310000 -14.161000 -1.816000
-35.522000 -17.238000 0.246000
-30.339000 -21.712000 -7.009000
-28.495000 -23.759000 -4.381000
-30.382000 -26.820000 -5.532000
-29.643000 -26.658000 -9.275000
-30.257000 -28.583000 -11.314000
-33.518000 -30.613000 -11.296000
-33.637000 -29.922000 -7.592000
-36.014000 -29.191000 -4.790000
-34.634000 -26.838000 -2.158000
-36.372000 -26.129000 1.173000
-36.181000 -23.614000 4.049000
-38.661000 -24.369000 6.820000
-40.070000 -21.427000 8.802000
-38.244000 -23.001000 11.736000
-35.340000 -19.324000 8.348000
-33.379000 -17.464000 11.018000
-30.602000 -20.018000 11.218000
-30.441000 -19.970000 7.402000
-30.386000 -16.184000 7.079000
-27.593000 -16.136000 9.643000
-24.958000 -18.320000 7.859000
-25.670000 -16.668000 4.484000
-22.707000 -15.041000 2.687000
-23.266000 -11.451000 1.563000
-22.552000 -12.150000 -2.105000
-25.345000 -14.718000 -2.201000
-27.869000 -11.956000 -1.606000
-29.710000 -10.397000 -4.565000
-28.667000 -6.794000 -5.213000
-25.216000 -7.597000 -3.858000
-22.939000 -7.909000 -6.871000
10000.000000 10000.000000 10000.000000
10000.000000 10000.000000 10000.000000
10000.000000 10000.000000 10000.000000
10000.000000 10000.000000 10000.000000
10000.000000 10000.000000 10000.000000
10000.000000 10000.000000 10000.000000
10000.000000 10000.000000 10000.000000
10000.000000 10000.000000 10000.000000
10000.000000 10000.000000 10000.000000
-19.143000 -8.042000 -6.951000
-18.243000 -4.388000 -6.543000
-20.130000 -3.942000 -3.291000
-19.640000 -7.390000 -1.860000
-15.949000 -6.536000 -2.232000
-16.307000 -3.491000 -0.015000
-18.867000 -4.835000 2.417000
-16.049000 -7.322000 3.014000
-13.609000 -4.435000 3.432000
-15.874000 -3.257000 6.240000
-15.871000 -6.669000 7.911000
-19.242000 -7.832000 6.583000
-18.775000 -11.440000 5.499000
-22.242000 -12.841000 6.173000
-25.715000 -11.324000 6.266000
10000.000000 10000.000000 10000.000000
10000.000000 10000.000000 10000.000000
10000.000000 10000.000000 10000.000000
10000.000000 10000.000000 10000.000000
10000.000000 10000.000000 10000.000000
10000.000000 10000.000000 10000.000000
10000.000000 10000.000000 10000.000000
10000.000000 10000.000000 10000.000000
10000.000000 10000.000000 10000.000000
10000.000000 10000.000000 10000.000000
10000.000000 10000.000000 10000.000000
10000.000000 10000.000000 10000.000000
10000.000000 10000.000000 10000.000000
10000.000000 10000.000000 10000.000000
10000.000000 10000.000000 10000.000000
10000.000000 10000.000000 10000.000000
10000.000000 10000.000000 10000.000000
10000.000000 10000.000000 10000.000000
10000.000000 10000.000000 10000.000000
10000.000000 10000.000000 10000.000000
10000.000000 10000.000000 10000.000000
10000.000000 10000.000000 10000.000000
10000.000000 10000.000000 10000.000000
10000.000000 10000.000000 10000.000000
10000.000000 10000.000000 10000.000000
10000.000000 10000.000000 10000.000000
10000.000000 10000.000000 10000.000000
10000.000000 10000.000000 10000.000000
10000.000000 10000.000000 10000.000000
10000.000000 10000.000000 10000.000000
10000.000000 10000.000000 10000.000000
10000.000000 10000.000000 10000.000000
10000.000000 10000.000000 10000.000000
10000.000000 10000.000000 10000.000000
10000.000000 10000.000000 10000.000000
10000.000000 10000.000000 10000.000000
10000.000000 10000.000000 10000.000000
10000.000000 10000.000000 10000.000000
10000.000000 10000.000000 10000.000000
10000.000000 10000.000000 10000.000000
10000.000000 10000.000000 10000.000000
10000.000000 10000.000000 10000.000000
10000.000000 10000.000000 10000.000000
10000.000000 10000.000000 10000.000000
10000.000000 10000.000000 10000.000000
