Score: 12.840000 190.000000 -2.278754
10000.000000 10000.000000 10000.000000
10000.000000 10000.000000 10000.000000
10000.000000 10000.000000 10000.000000
10000.000000 10000.000000 10000.000000
10000.000000 10000.000000 10000.000000
10000.000000 10000.000000 10000.000000
10000.000000 10000.000000 10000.000000
10000.000000 10000.000000 10000.000000
10000.000000 10000.000000 10000.000000
5.814000 5.067000 -5.020000
7.621000 1.706000 -5.495000
10.534000 2.283000 -3.105000
10.994000 0.245000 0.073000
9.605000 2.290000 2.988000
10.830000 1.030000 6.372000
10.001000 2.250000 9.885000
12.966000 3.714000 11.784000
14.531000 1.163000 14.164000
16.634000 3.627000 16.108000
17.680000 1.219000 18.851000
19.129000 -1.096000 16.171000
21.122000 1.707000 14.530000
10000.000000 10000.000000 10000.000000
10000.000000 10000.000000 10000.000000
10000.000000 10000.000000 10000.000000
22.268000 2.844000 17.965000
23.641000 -0.622000 18.741000
25.456000 -0.899000 15.384000
26.797000 2.601000 15.915000
28.090000 1.828000 19.425000
30.035000 -1.105000 18.004000
31.718000 0.963000 15.279000
32.646000 3.674000 17.804000
34.349000 0.937000 19.860000
36.394000 0.118000 16.765000
37.514000 3.750000 16.407000
38.632000 3.870000 20.039000
41.591000 1.656000 19.078000
43.059000 4.303000 16.762000
43.274000 7.202000 19.221000
42.874000 7.866000 22.927000
41.337000 11.241000 22.023000
37.992000 10.669000 20.315000
29.641000 13.871000 17.801000
26.435000 12.018000 17.001000
25.023000 8.623000 16.168000
27.102000 8.400000 12.976000
30.087000 10.799000 13.355000
33.263000 10.900000 15.401000
36.445000 12.978000 15.472000
39.866000 11.544000 16.358000
42.931000 13.558000 17.240000
45.696000 11.565000 15.558000
48.584000 13.992000 16.143000
50.466000 11.448000 18.283000
49.895000 8.689000 15.726000
51.244000 10.133000 12.469000
50.436000 11.109000 3.741000
50.470000 8.974000 6.905000
45.445000 5.619000 8.682000
42.030000 6.623000 7.364000
42.087000 3.917000 4.692000
42.981000 1.471000 7.465000
39.995000 2.582000 9.541000
37.606000 2.341000 6.587000
38.757000 -1.209000 5.912000
38.470000 -2.184000 9.579000
34.860000 -0.925000 9.760000
33.925000 -2.682000 6.520000
35.658000 -5.803000 7.835000
30.515000 -4.504000 10.421000
30.214000 -4.319000 6.612000
29.394000 -0.598000 6.875000
30.957000 1.953000 4.503000
31.983000 5.398000 5.791000
33.672000 8.610000 4.681000
36.868000 10.061000 6.130000
37.899000 13.706000 6.203000
41.341000 14.835000 7.368000
42.747000 18.314000 8.039000
44.245000 20.602000 10.697000
41.060000 21.167000 12.750000
37.572000 19.813000 13.421000
35.823000 22.206000 11.016000
37.941000 21.555000 7.933000
31.527000 16.415000 3.135000
33.515000 16.840000 -0.067000
34.341000 13.149000 -0.423000
31.118000 11.296000 0.445000
29.985000 8.740000 -0.382000
32.459000 6.019000 0.581000
35.285000 8.519000 0.400000
38.466000 9.861000 1.924000
40.023000 13.297000 1.444000
42.752000 15.505000 2.860000
42.477000 19.279000 3.040000
46.082000 20.442000 3.433000
47.326000 23.852000 4.579000
47.435000 25.450000 1.147000
43.919000 24.163000 0.419000
44.083000 28.877000 2.765000
42.342000 28.288000 -0.564000
38.983000 27.483000 1.066000
39.104000 30.534000 3.325000
39.148000 32.514000 0.062000
36.897000 30.431000 -2.196000
34.399000 28.306000 -0.208000
30.961000 29.914000 0.334000
30.215000 30.738000 4.021000
26.930000 28.835000 3.746000
29.047000 25.688000 3.359000
30.900000 26.383000 6.621000
29.672000 24.214000 9.514000
27.463000 26.285000 11.807000
25.972000 28.680000 9.247000
22.302000 27.858000 8.613000
10000.000000 10000.000000 10000.000000
10000.000000 10000.000000 10000.000000
10000.000000 10000.000000 10000.000000
10000.000000 10000.000000 10000.000000
10000.000000 10000.000000 10000.000000
10000.000000 10000.000000 10000.000000
10000.000000 10000.000000 10000.000000
10000.000000 10000.000000 10000.000000
10000.000000 10000.000000 10000.000000
19.659000 29.534000 6.449000
18.951000 32.209000 9.078000
22.608000 33.222000 9.681000
23.611000 32.746000 6.028000
21.095000 35.373000 4.919000
22.026000 37.751000 7.741000
25.524000 37.471000 6.284000
24.447000 37.975000 2.656000
22.645000 41.059000 3.974000
25.965000 42.320000 5.364000
27.620000 41.413000 2.070000
29.688000 38.660000 3.671000
29.877000 35.653000 1.379000
33.384000 34.207000 1.864000
35.238000 33.672000 5.165000
10000.000000 10000.000000 10000.000000
10000.000000 10000.000000 10000.000000
10000.000000 10000.000000 10000.000000
10000.000000 10000.000000 10000.000000
10000.000000 10000.000000 10000.000000
10000.000000 10000.000000 10000.000000
10000.000000 10000.000000 10000.000000
10000.000000 10000.000000 10000.000000
10000.000000 10000.000000 10000.000000
10000.000000 10000.000000 10000.000000
10000.000000 10000.000000 10000.000000
10000.000000 10000.000000 10000.000000
10000.000000 10000.000000 10000.000000
10000.000000 10000.000000 10000.000000
10000.000000 10000.000000 10000.000000
10000.000000 10000.000000 10000.000000
10000.000000 10000.000000 10000.000000
10000.000000 10000.000000 10000.000000
10000.000000 10000.000000 10000.000000
10000.000000 10000.000000 10000.000000
10000.000000 10000.000000 10000.000000
10000.000000 10000.000000 10000.000000
10000.000000 10000.000000 10000.000000
10000.000000 10000.000000 10000.000000
10000.000000 10000.000000 10000.000000
10000.000000 10000.000000 10000.000000
10000.000000 10000.000000 10000.000000
10000.000000 10000.000000 10000.000000
10000.000000 10000.000000 10000.000000
10000.000000 10000.000000 10000.000000
10000.000000 10000.000000 10000.000000
10000.000000 10000.000000 10000.000000
10000.000000 10000.000000 10000.000000
10000.000000 10000.000000 10000.000000
10000.000000 10000.000000 10000.000000
10000.000000 10000.000000 10000.000000
10000.000000 10000.000000 10000.000000
10000.000000 10000.000000 10000.000000
10000.000000 10000.000000 10000.000000
10000.000000 10000.000000 10000.000000
10000.000000 10000.000000 10000.000000
10000.000000 10000.000000 10000.000000
10000.000000 10000.000000 10000.000000
10000.000000 10000.000000 10000.000000
10000.000000 10000.000000 10000.000000
