Score: 13.040000 170.000000 -2.230449
10000.000000 10000.000000 10000.000000
10000.000000 10000.000000 10000.000000
10000.000000 10000.000000 10000.000000
10000.000000 10000.000000 10000.000000
10000.000000 10000.000000 10000.000000
10000.000000 10000.000000 10000.000000
10000.000000 10000.000000 10000.000000
10000.000000 10000.000000 10000.000000
10000.000000 10000.000000 10000.000000
10000.000000 10000.000000 10000.000000
-8.639000 2.430000 -33.178000
-6.239000 4.535000 -31.111000
-3.005000 5.775000 -32.636000
-0.227000 3.398000 -31.657000
3.258000 4.817000 -32.131000
6.645000 3.295000 -31.296000
9.119000 4.845000 -28.893000
11.144000 7.728000 -30.345000
13.363000 8.299000 -27.349000
16.073000 10.368000 -29.134000
13.452000 12.974000 -30.080000
11.816000 12.971000 -26.635000
10000.000000 10000.000000 10000.000000
10000.000000 10000.000000 10000.000000
10000.000000 10000.000000 10000.000000
15.279000 13.393000 -25.133000
16.189000 16.314000 -27.387000
12.949000 18.102000 -26.505000
13.542000 17.348000 -22.843000
17.116000 18.637000 -22.829000
15.817000 21.841000 -24.352000
13.120000 22.232000 -21.693000
15.680000 21.478000 -18.984000
18.078000 24.111000 -20.308000
15.108000 26.447000 -20.418000
14.545000 25.571000 -16.751000
18.139000 26.381000 -15.907000
17.433000 30.074000 -16.514000
15.108000 30.142000 -13.502000
17.550000 28.469000 -11.093000
20.980000 26.863000 -10.894000
20.037000 24.713000 -7.915000
17.002000 16.767000 -13.294000
15.140000 13.879000 -11.633000
14.351000 12.160000 -14.947000
13.548000 12.741000 -18.638000
10.306000 14.537000 -17.711000
10.763000 15.642000 -14.089000
12.918000 18.356000 -12.560000
13.239000 20.025000 -9.149000
14.156000 23.673000 -8.603000
15.321000 25.272000 -5.370000
13.980000 28.798000 -5.805000
14.340000 29.656000 -2.099000
16.863000 32.507000 -2.229000
15.163000 33.614000 -5.458000
11.532000 34.380000 -4.433000
3.033000 34.111000 -4.296000
3.635000 33.440000 -10.453000
7.057000 32.103000 -11.424000
5.458000 28.724000 -11.995000
3.013000 30.367000 -14.390000
5.911000 32.160000 -16.061000
7.746000 28.867000 -16.468000
4.632000 27.150000 -17.841000
3.940000 29.950000 -20.321000
7.568000 29.954000 -21.462000
7.689000 26.189000 -21.967000
4.398000 26.180000 -23.850000
5.631000 29.112000 -25.963000
8.995000 27.652000 -26.959000
8.402000 23.869000 -27.015000
4.598000 23.655000 -27.399000
2.123000 21.674000 -21.256000
3.711000 20.923000 -17.887000
2.472000 20.662000 -14.315000
4.142000 22.724000 -11.613000
4.069000 21.791000 -7.936000
5.362000 24.145000 -5.255000
5.977000 23.387000 -1.580000
8.385000 23.314000 1.375000
10.350000 20.333000 0.033000
10.898000 17.981000 -2.929000
8.334000 15.377000 -1.784000
5.453000 17.796000 -1.290000
0.468000 14.850000 -8.725000
-2.643000 16.622000 -7.435000
-2.730000 19.201000 -10.245000
-1.966000 17.017000 -13.343000
-2.418000 17.747000 -16.194000
-1.615000 21.367000 -17.101000
-1.949000 22.487000 -13.531000
-0.202000 24.557000 -10.931000
-0.493000 23.885000 -7.203000
0.972000 25.250000 -3.987000
0.933000 23.197000 -0.792000
1.393000 25.710000 2.056000
2.569000 24.634000 5.532000
-0.993000 24.149000 6.813000
-2.003000 21.950000 3.891000
-0.082000 19.476000 8.134000
-3.407000 18.234000 6.761000
-1.724000 16.044000 4.140000
0.403000 14.205000 6.707000
-2.944000 13.165000 8.168000
-5.142000 12.525000 5.084000
-2.794000 11.457000 2.273000
-2.684000 7.723000 1.510000
0.708000 6.100000 2.031000
0.397000 4.812000 -1.551000
0.338000 8.370000 -2.875000
3.658000 9.144000 -1.188000
6.429000 9.600000 -3.790000
8.942000 6.752000 -3.710000
6.359000 4.376000 -2.247000
5.096000 1.700000 -4.612000
10000.000000 10000.000000 10000.000000
10000.000000 10000.000000 10000.000000
10000.000000 10000.000000 10000.000000
10000.000000 10000.000000 10000.000000
10000.000000 10000.000000 10000.000000
10000.000000 10000.000000 10000.000000
10000.000000 10000.000000 10000.000000
10000.000000 10000.000000 10000.000000
10000.000000 10000.000000 10000.000000
2.519000 -1.055000 -4.505000
4.766000 -3.570000 -2.713000
5.479000 -1.297000 0.240000
1.935000 0.063000 0.250000
0.532000 -3.474000 0.378000
2.786000 -4.544000 3.232000
1.786000 -1.478000 5.241000
-1.899000 -1.764000 4.303000
-1.983000 -5.274000 5.747000
-1.332000 -3.773000 9.187000
-3.751000 -0.843000 9.096000
-0.993000 1.587000 8.116000
-2.810000 3.753000 5.564000
-1.683000 7.377000 6.015000
1.677000 9.024000 6.706000
10000.000000 10000.000000 10000.000000
10000.000000 10000.000000 10000.000000
10000.000000 10000.000000 10000.000000
10000.000000 10000.000000 10000.000000
10000.000000 10000.000000 10000.000000
10000.000000 10000.000000 10000.000000
10000.000000 10000.000000 10000.000000
10000.000000 10000.000000 10000.000000
10000.000000 10000.000000 10000.000000
10000.000000 10000.000000 10000.000000
10000.000000 10000.000000 10000.000000
10000.000000 10000.000000 10000.000000
10000.000000 10000.000000 10000.000000
10000.000000 10000.000000 10000.000000
10000.000000 10000.000000 10000.000000
10000.000000 10000.000000 10000.000000
10000.000000 10000.000000 10000.000000
10000.000000 10000.000000 10000.000000
10000.000000 10000.000000 10000.000000
10000.000000 10000.000000 10000.000000
10000.000000 10000.000000 10000.000000
10000.000000 10000.000000 10000.000000
10000.000000 10000.000000 10000.000000
10000.000000 10000.000000 10000.000000
10000.000000 10000.000000 10000.000000
10000.000000 10000.000000 10000.000000
10000.000000 10000.000000 10000.000000
10000.000000 10000.000000 10000.000000
10000.000000 10000.000000 10000.000000
10000.000000 10000.000000 10000.000000
10000.000000 10000.000000 10000.000000
10000.000000 10000.000000 10000.000000
10000.000000 10000.000000 10000.000000
10000.000000 10000.000000 10000.000000
10000.000000 10000.000000 10000.000000
10000.000000 10000.000000 10000.000000
10000.000000 10000.000000 10000.000000
10000.000000 10000.000000 10000.000000
10000.000000 10000.000000 10000.000000
10000.000000 10000.000000 10000.000000
10000.000000 10000.000000 10000.000000
10000.000000 10000.000000 10000.000000
10000.000000 10000.000000 10000.000000
10000.000000 10000.000000 10000.000000
10000.000000 10000.000000 10000.000000
