Score: 23.100000 94.000000 -1.973128
10000.000000 10000.000000 10000.000000
10000.000000 10000.000000 10000.000000
10000.000000 10000.000000 10000.000000
10000.000000 10000.000000 10000.000000
10000.000000 10000.000000 10000.000000
10000.000000 10000.000000 10000.000000
10000.000000 10000.000000 10000.000000
10000.000000 10000.000000 10000.000000
10000.000000 10000.000000 10000.000000
10000.000000 10000.000000 10000.000000
10000.000000 10000.000000 10000.000000
10000.000000 10000.000000 10000.000000
10000.000000 10000.000000 10000.000000
10000.000000 10000.000000 10000.000000
10000.000000 10000.000000 10000.000000
10000.000000 10000.000000 10000.000000
10000.000000 10000.000000 10000.000000
10000.000000 10000.000000 10000.000000
10000.000000 10000.000000 10000.000000
10000.000000 10000.000000 10000.000000
10000.000000 10000.000000 10000.000000
10000.000000 10000.000000 10000.000000
10000.000000 10000.000000 10000.000000
10000.000000 10000.000000 10000.000000
10000.000000 10000.000000 10000.000000
10000.000000 10000.000000 10000.000000
10000.000000 10000.000000 10000.000000
10000.000000 10000.000000 10000.000000
10000.000000 10000.000000 10000.000000
10000.000000 10000.000000 10000.000000
10000.000000 10000.000000 10000.000000
10000.000000 10000.000000 10000.000000
10000.000000 10000.000000 10000.000000
10000.000000 10000.000000 10000.000000
10000.000000 10000.000000 10000.000000
10000.000000 10000.000000 10000.000000
10000.000000 10000.000000 10000.000000
10000.000000 10000.000000 10000.000000
10000.000000 10000.000000 10000.000000
10000.000000 10000.000000 10000.000000
10000.000000 10000.000000 10000.000000
10000.000000 10000.000000 10000.000000
10000.000000 10000.000000 10000.000000
10000.000000 10000.000000 10000.000000
10000.000000 10000.000000 10000.000000
10000.000000 10000.000000 10000.000000
10000.000000 10000.000000 10000.000000
10000.000000 10000.000000 10000.000000
10000.000000 10000.000000 10000.000000
10000.000000 10000.000000 10000.000000
10000.000000 10000.000000 10000.000000
10000.000000 10000.000000 10000.000000
10000.000000 10000.000000 10000.000000
38.833000 36.302000 30.862000
37.929000 33.421000 28.519000
35.375000 30.685000 29.072000
37.640000 27.806000 27.991000
40.649000 27.293000 25.701000
38.332000 25.641000 23.150000
38.826000 31.024000 22.582000
40.380000 28.847000 19.892000
37.056000 28.929000 17.984000
37.054000 32.752000 18.189000
40.601000 32.679000 16.847000
39.492000 30.541000 13.879000
36.886000 33.167000 13.028000
39.409000 35.993000 13.326000
41.819000 34.175000 11.013000
39.338000 34.891000 8.225000
10000.000000 10000.000000 10000.000000
10000.000000 10000.000000 10000.000000
10000.000000 10000.000000 10000.000000
39.889000 38.653000 8.684000
41.846000 40.473000 6.022000
44.963000 42.466000 6.813000
44.538000 46.069000 5.803000
48.223000 46.446000 5.010000
49.884000 43.183000 4.148000
53.595000 42.847000 3.551000
53.642000 39.198000 4.738000
54.901000 37.818000 1.395000
57.911000 40.113000 1.582000
58.460000 39.034000 5.195000
58.346000 35.402000 3.934000
61.017000 36.094000 1.383000
63.205000 38.046000 3.791000
63.144000 35.415000 6.523000
64.069000 32.674000 4.062000
67.154000 34.632000 3.064000
68.027000 35.791000 6.633000
70.938000 34.547000 8.685000
69.864000 36.504000 11.753000
66.309000 37.431000 12.796000
65.265000 39.634000 15.720000
61.758000 39.056000 17.079000
60.594000 41.820000 19.454000
57.702000 40.679000 21.615000
54.893000 42.625000 23.186000
52.515000 31.757000 22.682000
51.130000 32.802000 19.281000
54.529000 34.420000 18.493000
56.050000 31.015000 19.255000
53.903000 29.484000 16.504000
55.091000 32.092000 14.012000
62.469000 27.924000 11.681000
60.753000 25.506000 9.282000
61.672000 27.758000 6.304000
64.847000 29.613000 7.311000
68.312000 28.725000 8.542000
68.512000 32.005000 10.514000
69.397000 32.244000 14.168000
66.434000 33.796000 15.959000
66.848000 36.317000 18.753000
63.778000 36.875000 20.816000
63.542000 40.140000 22.802000
61.559000 40.904000 25.914000
61.665000 43.525000 28.623000
10000.000000 10000.000000 10000.000000
10000.000000 10000.000000 10000.000000
64.214000 43.573000 31.466000
61.477000 43.635000 34.119000
57.700000 44.035000 34.424000
55.824000 46.876000 32.721000
52.054000 46.552000 32.373000
51.263000 43.242000 30.523000
54.503000 43.064000 28.506000
56.554000 39.946000 28.327000
59.801000 40.007000 30.230000
62.747000 37.812000 29.521000
61.852000 35.540000 32.413000
58.265000 35.203000 30.997000
59.755000 34.205000 27.619000
62.194000 31.794000 29.221000
59.477000 30.212000 31.397000
57.398000 29.671000 28.262000
60.217000 27.590000 26.767000
61.130000 30.051000 24.008000
64.855000 29.242000 24.444000
10000.000000 10000.000000 10000.000000
10000.000000 10000.000000 10000.000000
10000.000000 10000.000000 10000.000000
10000.000000 10000.000000 10000.000000
64.074000 26.075000 22.466000
63.324000 28.367000 19.482000
66.061000 31.046000 19.766000
68.256000 33.130000 22.051000
66.106000 35.100000 24.492000
67.451000 38.574000 25.167000
66.470000 41.656000 27.147000
65.869000 45.152000 25.747000
67.566000 46.368000 28.945000
64.592000 48.401000 30.151000
61.207000 48.294000 31.841000
59.945000 50.614000 29.096000
57.258000 49.752000 26.570000
58.544000 49.429000 23.038000
62.141000 50.006000 22.095000
10000.000000 10000.000000 10000.000000
10000.000000 10000.000000 10000.000000
10000.000000 10000.000000 10000.000000
10000.000000 10000.000000 10000.000000
10000.000000 10000.000000 10000.000000
10000.000000 10000.000000 10000.000000
10000.000000 10000.000000 10000.000000
10000.000000 10000.000000 10000.000000
10000.000000 10000.000000 10000.000000
10000.000000 10000.000000 10000.000000
10000.000000 10000.000000 10000.000000
10000.000000 10000.000000 10000.000000
10000.000000 10000.000000 10000.000000
10000.000000 10000.000000 10000.000000
10000.000000 10000.000000 10000.000000
10000.000000 10000.000000 10000.000000
10000.000000 10000.000000 10000.000000
10000.000000 10000.000000 10000.000000
10000.000000 10000.000000 10000.000000
10000.000000 10000.000000 10000.000000
10000.000000 10000.000000 10000.000000
10000.000000 10000.000000 10000.000000
10000.000000 10000.000000 10000.000000
10000.000000 10000.000000 10000.000000
10000.000000 10000.000000 10000.000000
10000.000000 10000.000000 10000.000000
10000.000000 10000.000000 10000.000000
10000.000000 10000.000000 10000.000000
