Score: 8.760000 870.000000 -2.939519
10000.000000 10000.000000 10000.000000
10000.000000 10000.000000 10000.000000
10000.000000 10000.000000 10000.000000
10000.000000 10000.000000 10000.000000
10000.000000 10000.000000 10000.000000
10000.000000 10000.000000 10000.000000
10000.000000 10000.000000 10000.000000
10000.000000 10000.000000 10000.000000
10000.000000 10000.000000 10000.000000
10000.000000 10000.000000 10000.000000
10000.000000 10000.000000 10000.000000
10000.000000 10000.000000 10000.000000
10000.000000 10000.000000 10000.000000
10000.000000 10000.000000 10000.000000
10000.000000 10000.000000 10000.000000
10000.000000 10000.000000 10000.000000
10000.000000 10000.000000 10000.000000
10000.000000 10000.000000 10000.000000
10000.000000 10000.000000 10000.000000
10000.000000 10000.000000 10000.000000
10000.000000 10000.000000 10000.000000
10000.000000 10000.000000 10000.000000
10000.000000 10000.000000 10000.000000
10000.000000 10000.000000 10000.000000
10000.000000 10000.000000 10000.000000
10000.000000 10000.000000 10000.000000
-115.772000 50.928000 -119.464000
-114.505000 53.323000 -122.108000
-114.089000 56.310000 -119.845000
-111.316000 54.426000 -118.088000
-109.685000 53.649000 -121.418000
-109.713000 57.252000 -122.569000
-109.000000 58.542000 -119.063000
-105.951000 56.316000 -118.626000
-104.581000 56.978000 -122.110000
-104.248000 60.520000 -120.884000
-102.093000 59.553000 -117.892000
-100.030000 57.223000 -119.990000
-99.442000 60.166000 -122.257000
-98.697000 62.528000 -119.369000
-96.143000 60.151000 -117.864000
-94.320000 59.609000 -121.152000
-94.360000 63.379000 -121.324000
-92.496000 63.541000 -118.039000
-89.497000 62.041000 -119.783000
-86.702000 64.487000 -120.592000
-85.147000 62.440000 -123.414000
-87.459000 60.523000 -125.852000
-85.335000 57.408000 -126.170000
-85.664000 56.846000 -122.424000
-89.123000 55.431000 -123.058000
-89.230000 51.841000 -124.205000
-92.073000 50.366000 -126.200000
-92.178000 46.604000 -126.033000
-94.273000 44.007000 -127.768000
-94.260000 40.376000 -128.750000
-97.557000 39.807000 -130.555000
-97.581000 40.137000 -134.308000
-95.592000 49.603000 -131.736000
-93.039000 50.109000 -134.483000
-94.932000 53.127000 -135.797000
-95.585000 54.457000 -132.300000
-91.885000 54.174000 -131.536000
-91.338000 56.061000 -134.761000
-93.572000 59.111000 -134.254000
-92.717000 59.371000 -130.577000
-88.952000 58.969000 -131.103000
-88.584000 56.206000 -128.524000
-86.668000 52.909000 -128.454000
-88.145000 49.498000 -129.322000
-86.985000 46.213000 -130.834000
-89.634000 38.530000 -131.195000
-87.808000 37.169000 -128.125000
-87.133000 39.417000 -125.183000
-83.595000 38.151000 -124.604000
-83.570000 37.662000 -120.807000
-81.008000 40.043000 -119.354000
-81.726000 43.065000 -121.543000
-82.352000 45.202000 -118.455000
-80.467000 43.304000 -115.764000
-77.301000 42.378000 -117.601000
-75.060000 45.179000 -118.903000
-73.456000 43.126000 -121.654000
-76.419000 42.317000 -123.802000
-76.307000 43.190000 -127.455000
-79.668000 44.815000 -126.820000
-78.900000 46.111000 -123.327000
-81.002000 49.126000 -122.406000
-81.885000 51.314000 -119.469000
-85.167000 53.129000 -120.251000
-86.816000 55.382000 -117.670000
-90.375000 54.310000 -118.534000
-91.739000 51.079000 -119.953000
-94.732000 50.326000 -122.203000
-95.741000 46.766000 -122.919000
-98.641000 45.607000 -125.064000
-99.624000 42.604000 -122.978000
-98.834000 41.744000 -119.339000
-98.888000 38.122000 -120.495000
-97.048000 38.136000 -123.803000
-94.287000 40.364000 -122.448000
-94.409000 39.044000 -118.873000
-90.722000 38.418000 -119.208000
-90.118000 42.079000 -119.853000
-90.366000 40.641000 -114.840000
-87.090000 42.450000 -115.461000
-88.575000 45.914000 -115.161000
-88.944000 44.852000 -111.549000
-85.185000 44.762000 -111.050000
-84.216000 48.193000 -112.355000
-86.705000 50.500000 -110.608000
-88.410000 51.204000 -113.965000
-92.220000 51.738000 -114.006000
-94.601000 50.253000 -116.552000
-97.687000 51.206000 -118.625000
-99.535000 48.443000 -120.435000
10000.000000 10000.000000 10000.000000
-102.547000 47.497000 -122.478000
-104.318000 45.197000 -120.063000
-107.365000 43.119000 -120.884000
-109.813000 41.347000 -118.570000
-107.150000 38.725000 -117.895000
-103.617000 39.910000 -117.152000
-101.051000 39.934000 -114.297000
10000.000000 10000.000000 10000.000000
10000.000000 10000.000000 10000.000000
10000.000000 10000.000000 10000.000000
10000.000000 10000.000000 10000.000000
10000.000000 10000.000000 10000.000000
10000.000000 10000.000000 10000.000000
10000.000000 10000.000000 10000.000000
10000.000000 10000.000000 10000.000000
10000.000000 10000.000000 10000.000000
10000.000000 10000.000000 10000.000000
10000.000000 10000.000000 10000.000000
10000.000000 10000.000000 10000.000000
10000.000000 10000.000000 10000.000000
10000.000000 10000.000000 10000.000000
10000.000000 10000.000000 10000.000000
10000.000000 10000.000000 10000.000000
10000.000000 10000.000000 10000.000000
10000.000000 10000.000000 10000.000000
10000.000000 10000.000000 10000.000000
10000.000000 10000.000000 10000.000000
10000.000000 10000.000000 10000.000000
10000.000000 10000.000000 10000.000000
10000.000000 10000.000000 10000.000000
10000.000000 10000.000000 10000.000000
10000.000000 10000.000000 10000.000000
10000.000000 10000.000000 10000.000000
10000.000000 10000.000000 10000.000000
10000.000000 10000.000000 10000.000000
10000.000000 10000.000000 10000.000000
10000.000000 10000.000000 10000.000000
10000.000000 10000.000000 10000.000000
10000.000000 10000.000000 10000.000000
10000.000000 10000.000000 10000.000000
10000.000000 10000.000000 10000.000000
10000.000000 10000.000000 10000.000000
10000.000000 10000.000000 10000.000000
10000.000000 10000.000000 10000.000000
10000.000000 10000.000000 10000.000000
10000.000000 10000.000000 10000.000000
10000.000000 10000.000000 10000.000000
10000.000000 10000.000000 10000.000000
10000.000000 10000.000000 10000.000000
10000.000000 10000.000000 10000.000000
10000.000000 10000.000000 10000.000000
10000.000000 10000.000000 10000.000000
10000.000000 10000.000000 10000.000000
10000.000000 10000.000000 10000.000000
10000.000000 10000.000000 10000.000000
10000.000000 10000.000000 10000.000000
10000.000000 10000.000000 10000.000000
10000.000000 10000.000000 10000.000000
10000.000000 10000.000000 10000.000000
10000.000000 10000.000000 10000.000000
10000.000000 10000.000000 10000.000000
10000.000000 10000.000000 10000.000000
10000.000000 10000.000000 10000.000000
10000.000000 10000.000000 10000.000000
10000.000000 10000.000000 10000.000000
10000.000000 10000.000000 10000.000000
10000.000000 10000.000000 10000.000000
10000.000000 10000.000000 10000.000000
