Score: 10.420000 470.000000 -2.672098
10000.000000 10000.000000 10000.000000
10000.000000 10000.000000 10000.000000
10000.000000 10000.000000 10000.000000
10000.000000 10000.000000 10000.000000
10000.000000 10000.000000 10000.000000
10000.000000 10000.000000 10000.000000
10000.000000 10000.000000 10000.000000
10000.000000 10000.000000 10000.000000
10000.000000 10000.000000 10000.000000
70.368000 20.673000 22.478000
68.532000 18.565000 19.906000
65.119000 18.788000 18.250000
63.167000 15.562000 18.090000
60.460000 15.335000 15.395000
58.196000 12.483000 16.453000
56.561000 10.300000 13.787000
55.731000 12.952000 11.163000
55.073000 10.095000 8.740000
52.503000 9.900000 5.934000
50.541000 7.203000 7.820000
49.719000 9.839000 10.548000
49.737000 13.014000 8.434000
47.901000 12.183000 5.176000
44.078000 12.063000 5.208000
45.570000 12.403000 12.981000
43.843000 15.488000 11.510000
45.435000 17.989000 13.945000
48.843000 17.261000 12.347000
47.842000 19.736000 9.606000
48.167000 22.576000 12.140000
51.690000 21.686000 13.313000
53.562000 21.356000 10.014000
54.263000 25.105000 9.663000
55.616000 25.626000 13.220000
57.815000 22.537000 12.832000
59.169000 23.904000 9.494000
60.109000 27.182000 11.226000
61.648000 25.248000 14.118000
63.811000 23.082000 11.851000
65.005000 26.074000 9.817000
66.097000 27.835000 13.048000
67.658000 24.699000 14.520000
69.779000 23.935000 11.448000
70.891000 27.602000 11.283000
72.111000 27.401000 14.886000
73.734000 23.955000 14.452000
71.120000 22.419000 16.769000
70.889000 18.713000 15.784000
67.618000 17.629000 14.202000
66.446000 14.031000 14.795000
63.391000 12.441000 13.179000
61.719000 9.435000 14.793000
59.840000 6.974000 12.586000
57.603000 4.183000 13.819000
58.557000 1.303000 11.515000
58.409000 -2.514000 11.906000
59.787000 -5.303000 9.692000
56.377000 -6.425000 8.451000
56.711000 -10.148000 9.237000
55.487000 -9.934000 12.853000
58.934000 -10.885000 14.276000
59.198000 -7.535000 16.087000
55.590000 -6.979000 17.179000
54.039000 -8.607000 20.239000
52.017000 -6.237000 22.427000
10000.000000 10000.000000 10000.000000
52.017000 -3.670000 19.583000
50.183000 -6.249000 17.412000
47.711000 -7.108000 20.217000
46.776000 -3.438000 20.477000
46.934000 -2.645000 16.751000
46.067000 -5.908000 14.892000
46.977000 -4.476000 11.464000
50.335000 -3.027000 12.560000
10000.000000 10000.000000 10000.000000
52.444000 -5.352000 10.366000
50.521000 -4.241000 7.278000
50.533000 -0.489000 7.934000
53.881000 0.295000 9.606000
55.952000 -2.239000 7.620000
59.264000 -0.863000 6.299000
58.080000 -1.525000 2.700000
54.877000 0.511000 3.226000
53.267000 5.642000 4.252000
57.721000 15.874000 2.097000
56.862000 19.156000 3.862000
59.356000 18.112000 6.553000
61.767000 16.109000 4.356000
64.913000 15.242000 6.318000
68.068000 16.957000 5.122000
72.901000 16.120000 8.072000
69.716000 15.262000 9.983000
69.478000 11.990000 11.924000
66.705000 9.428000 11.431000
64.146000 6.034000 23.703000
63.290000 2.446000 24.627000
65.527000 0.025000 22.677000
66.406000 2.669000 20.075000
69.523000 4.434000 18.815000
68.366000 7.757000 20.324000
70.319000 7.732000 23.595000
73.566000 6.942000 21.732000
72.964000 9.761000 19.222000
72.218000 12.295000 22.000000
74.930000 11.322000 24.477000
77.615000 11.005000 21.761000
77.020000 14.740000 21.064000
76.827000 15.524000 24.827000
73.214000 16.675000 24.390000
71.216000 17.015000 27.616000
68.286000 19.106000 26.402000
65.631000 17.951000 23.924000
62.793000 19.858000 22.220000
59.892000 17.528000 21.342000
57.349000 18.041000 18.562000
55.252000 15.763000 16.321000
52.437000 13.254000 16.949000
50.675000 11.719000 18.884000
50.900000 14.154000 21.826000
49.915000 11.768000 24.602000
51.296000 8.601000 23.041000
54.623000 8.667000 21.169000
55.443000 12.297000 22.066000
10000.000000 10000.000000 10000.000000
10000.000000 10000.000000 10000.000000
54.610000 11.869000 25.782000
56.328000 8.458000 26.050000
59.458000 10.020000 24.543000
59.133000 12.900000 27.059000
58.599000 10.562000 30.090000
61.458000 8.324000 28.977000
63.694000 11.347000 28.381000
63.138000 12.890000 31.827000
63.782000 9.455000 33.477000
67.216000 9.510000 31.744000
67.744000 13.015000 33.272000
67.228000 14.922000 29.999000
65.901000 18.452000 30.248000
62.766000 18.163000 28.103000
60.877000 21.009000 26.378000
10000.000000 10000.000000 10000.000000
10000.000000 10000.000000 10000.000000
10000.000000 10000.000000 10000.000000
10000.000000 10000.000000 10000.000000
10000.000000 10000.000000 10000.000000
10000.000000 10000.000000 10000.000000
10000.000000 10000.000000 10000.000000
10000.000000 10000.000000 10000.000000
10000.000000 10000.000000 10000.000000
10000.000000 10000.000000 10000.000000
10000.000000 10000.000000 10000.000000
10000.000000 10000.000000 10000.000000
10000.000000 10000.000000 10000.000000
10000.000000 10000.000000 10000.000000
10000.000000 10000.000000 10000.000000
10000.000000 10000.000000 10000.000000
10000.000000 10000.000000 10000.000000
10000.000000 10000.000000 10000.000000
10000.000000 10000.000000 10000.000000
10000.000000 10000.000000 10000.000000
10000.000000 10000.000000 10000.000000
10000.000000 10000.000000 10000.000000
10000.000000 10000.000000 10000.000000
10000.000000 10000.000000 10000.000000
10000.000000 10000.000000 10000.000000
10000.000000 10000.000000 10000.000000
10000.000000 10000.000000 10000.000000
10000.000000 10000.000000 10000.000000
10000.000000 10000.000000 10000.000000
10000.000000 10000.000000 10000.000000
10000.000000 10000.000000 10000.000000
10000.000000 10000.000000 10000.000000
10000.000000 10000.000000 10000.000000
10000.000000 10000.000000 10000.000000
10000.000000 10000.000000 10000.000000
10000.000000 10000.000000 10000.000000
10000.000000 10000.000000 10000.000000
10000.000000 10000.000000 10000.000000
10000.000000 10000.000000 10000.000000
10000.000000 10000.000000 10000.000000
10000.000000 10000.000000 10000.000000
10000.000000 10000.000000 10000.000000
10000.000000 10000.000000 10000.000000
10000.000000 10000.000000 10000.000000
10000.000000 10000.000000 10000.000000
