Score: 12.380000 220.000000 -2.342423
10000.000000 10000.000000 10000.000000
10000.000000 10000.000000 10000.000000
10000.000000 10000.000000 10000.000000
10000.000000 10000.000000 10000.000000
10000.000000 10000.000000 10000.000000
10000.000000 10000.000000 10000.000000
10000.000000 10000.000000 10000.000000
10000.000000 10000.000000 10000.000000
10000.000000 10000.000000 10000.000000
10000.000000 10000.000000 10000.000000
10000.000000 10000.000000 10000.000000
10000.000000 10000.000000 10000.000000
10000.000000 10000.000000 10000.000000
10000.000000 10000.000000 10000.000000
10000.000000 10000.000000 10000.000000
10000.000000 10000.000000 10000.000000
10000.000000 10000.000000 10000.000000
10000.000000 10000.000000 10000.000000
10000.000000 10000.000000 10000.000000
10000.000000 10000.000000 10000.000000
10000.000000 10000.000000 10000.000000
10000.000000 10000.000000 10000.000000
10000.000000 10000.000000 10000.000000
10000.000000 10000.000000 10000.000000
10000.000000 10000.000000 10000.000000
23.514000 28.978000 21.616000
24.572000 28.775000 17.952000
23.255000 31.378000 15.481000
23.449000 29.081000 12.410000
21.309000 26.444000 14.231000
18.616000 28.997000 15.082000
18.588000 30.354000 11.511000
18.101000 26.890000 10.105000
15.340000 26.155000 12.639000
13.551000 29.368000 11.653000
13.699000 28.193000 8.023000
12.286000 24.773000 8.867000
9.506000 26.435000 10.890000
8.615000 28.772000 8.002000
8.551000 25.788000 5.586000
6.304000 23.742000 7.834000
3.872000 26.264000 9.449000
10000.000000 10000.000000 10000.000000
10000.000000 10000.000000 10000.000000
10000.000000 10000.000000 10000.000000
10000.000000 10000.000000 10000.000000
10000.000000 10000.000000 10000.000000
10000.000000 10000.000000 10000.000000
5.488000 25.363000 12.767000
5.430000 28.013000 15.546000
8.742000 28.848000 17.180000
9.231000 29.499000 20.933000
12.487000 30.596000 22.522000
13.437000 30.573000 26.210000
15.741000 33.524000 26.963000
18.554000 34.108000 27.075000
23.719000 32.535000 23.560000
24.211000 35.019000 20.730000
23.329000 38.665000 19.803000
20.483000 39.312000 17.327000
19.732000 42.572000 12.026000
22.121000 43.105000 9.062000
23.090000 39.403000 9.431000
19.286000 38.967000 9.311000
10000.000000 10000.000000 10000.000000
10000.000000 10000.000000 10000.000000
10000.000000 10000.000000 10000.000000
10000.000000 10000.000000 10000.000000
10000.000000 10000.000000 10000.000000
10000.000000 10000.000000 10000.000000
10000.000000 10000.000000 10000.000000
10000.000000 10000.000000 10000.000000
10000.000000 10000.000000 10000.000000
10000.000000 10000.000000 10000.000000
6.988000 33.268000 11.039000
5.110000 32.931000 14.314000
7.779000 33.510000 17.056000
7.400000 33.828000 20.839000
9.945000 34.590000 23.564000
9.893000 33.563000 27.270000
11.880000 34.705000 30.337000
10000.000000 10000.000000 10000.000000
12.159000 31.093000 31.514000
10.913000 27.525000 31.167000
8.451000 28.300000 33.949000
6.895000 31.190000 32.004000
6.626000 28.983000 28.910000
4.985000 26.226000 31.040000
2.317000 28.694000 32.371000
-1.253000 24.177000 26.382000
-1.311000 20.758000 24.764000
1.127000 17.842000 24.616000
4.723000 18.503000 25.560000
7.620000 16.303000 24.275000
11.153000 16.661000 25.607000
13.803000 15.713000 23.085000
16.713000 14.167000 25.003000
19.580000 11.675000 24.652000
18.527000 9.258000 27.305000
14.748000 8.912000 27.083000
13.428000 5.322000 27.138000
11.109000 5.985000 24.141000
11.841000 6.591000 20.474000
10.561000 9.846000 18.837000
8.774000 7.876000 16.067000
6.883000 5.615000 18.507000
5.005000 8.582000 20.074000
-1.960000 11.786000 14.951000
-4.524000 13.713000 16.989000
-5.939000 17.256000 17.140000
-3.680000 18.423000 19.963000
5.293000 21.133000 21.654000
8.796000 19.784000 21.002000
11.318000 21.149000 23.560000
15.083000 20.982000 22.731000
17.971000 21.663000 25.062000
10000.000000 10000.000000 10000.000000
10000.000000 10000.000000 10000.000000
10000.000000 10000.000000 10000.000000
10000.000000 10000.000000 10000.000000
10000.000000 10000.000000 10000.000000
21.030000 23.869000 24.625000
23.652000 22.608000 22.148000
26.195000 22.506000 24.968000
24.244000 21.610000 28.156000
20.853000 20.133000 27.150000
17.818000 20.798000 29.370000
18.012000 21.536000 33.090000
18.622000 18.543000 35.302000
15.505000 18.996000 37.523000
13.129000 19.821000 34.662000
14.056000 16.618000 32.852000
13.368000 14.522000 35.969000
10.093000 16.311000 36.609000
9.020000 15.643000 32.994000
10.814000 12.329000 32.300000
7.646000 10.579000 31.113000
7.483000 13.202000 28.349000
11.004000 12.574000 26.978000
11.771000 11.011000 23.596000
15.118000 10.228000 21.939000
16.458000 9.962000 18.434000
18.412000 6.749000 18.473000
10000.000000 10000.000000 10000.000000
10000.000000 10000.000000 10000.000000
10000.000000 10000.000000 10000.000000
10000.000000 10000.000000 10000.000000
10000.000000 10000.000000 10000.000000
10000.000000 10000.000000 10000.000000
22.061000 6.975000 17.447000
24.946000 4.581000 17.386000
27.339000 6.384000 19.851000
29.576000 10.866000 17.825000
27.154000 11.121000 20.790000
24.666000 13.476000 19.175000
23.201000 14.915000 16.008000
23.286000 18.655000 15.146000
20.421000 20.518000 16.835000
18.856000 21.978000 13.732000
18.981000 18.550000 12.017000
17.125000 17.113000 15.053000
14.424000 19.809000 14.899000
13.776000 19.249000 11.237000
13.396000 15.468000 11.557000
11.227000 15.667000 14.729000
8.893000 18.200000 13.074000
10000.000000 10000.000000 10000.000000
10000.000000 10000.000000 10000.000000
10000.000000 10000.000000 10000.000000
10000.000000 10000.000000 10000.000000
10000.000000 10000.000000 10000.000000
10000.000000 10000.000000 10000.000000
10000.000000 10000.000000 10000.000000
10000.000000 10000.000000 10000.000000
10000.000000 10000.000000 10000.000000
10000.000000 10000.000000 10000.000000
10000.000000 10000.000000 10000.000000
10000.000000 10000.000000 10000.000000
10000.000000 10000.000000 10000.000000
10000.000000 10000.000000 10000.000000
10000.000000 10000.000000 10000.000000
10000.000000 10000.000000 10000.000000
10000.000000 10000.000000 10000.000000
10000.000000 10000.000000 10000.000000
10000.000000 10000.000000 10000.000000
