Score: 8.300000 1000.000000 -3.000000
10000.000000 10000.000000 10000.000000
10000.000000 10000.000000 10000.000000
10000.000000 10000.000000 10000.000000
10000.000000 10000.000000 10000.000000
10000.000000 10000.000000 10000.000000
10000.000000 10000.000000 10000.000000
10000.000000 10000.000000 10000.000000
10000.000000 10000.000000 10000.000000
10000.000000 10000.000000 10000.000000
41.260000 72.168000 59.477000
39.033000 74.287000 61.675000
35.667000 73.314000 63.100000
32.770000 75.774000 63.157000
29.507000 75.064000 64.979000
26.771000 77.202000 63.342000
24.272000 78.556000 65.864000
24.111000 75.740000 68.417000
22.989000 78.337000 70.829000
19.931000 78.150000 73.106000
17.483000 79.769000 70.695000
18.018000 76.874000 68.295000
18.918000 74.057000 70.735000
16.265000 74.711000 73.431000
12.500000 74.528000 72.779000
15.158000 73.184000 65.965000
14.111000 69.611000 66.961000
16.494000 66.620000 66.872000
19.098000 68.065000 69.255000
19.155000 64.715000 71.026000
20.968000 63.287000 67.976000
22.966000 66.428000 67.015000
24.565000 67.210000 70.388000
26.387000 63.827000 71.138000
27.813000 63.811000 67.595000
28.978000 67.475000 67.887000
30.659000 66.399000 71.128000
32.459000 63.533000 69.345000
33.857000 66.118000 66.901000
34.836000 68.530000 69.673000
36.648000 65.772000 71.636000
38.624000 64.715000 68.532000
39.455000 68.309000 67.578000
40.450000 69.531000 71.009000
42.782000 66.534000 71.303000
44.696000 67.826000 68.265000
44.603000 71.543000 69.073000
42.323000 72.230000 66.077000
40.591000 75.717000 66.066000
36.950000 75.472000 66.980000
34.698000 78.475000 66.269000
31.085000 78.837000 67.425000
28.611000 81.379000 65.994000
25.415000 82.837000 67.473000
23.136000 84.951000 65.324000
22.109000 87.828000 67.626000
21.339000 91.534000 67.413000
22.475000 94.503000 69.524000
19.793000 96.886000 68.152000
16.530000 95.416000 67.101000
14.596000 98.539000 66.095000
14.093000 98.486000 62.337000
13.473000 102.262000 62.366000
16.933000 102.961000 63.815000
19.957000 104.001000 61.817000
22.227000 101.764000 63.929000
19.932000 98.725000 63.955000
22.016000 95.714000 62.937000
19.255000 93.579000 61.428000
19.331000 95.140000 57.961000
17.034000 93.493000 55.443000
16.956000 90.016000 57.070000
14.253000 91.374000 59.372000
12.000000 91.570000 56.253000
12.168000 87.798000 55.844000
11.902000 87.261000 62.810000
15.336000 88.739000 63.685000
13.769000 90.881000 66.483000
13.497000 87.756000 68.652000
17.281000 87.271000 68.936000
18.742000 89.705000 71.545000
22.482000 89.723000 72.096000
23.504000 88.661000 75.633000
20.185000 86.934000 76.484000
19.834000 83.243000 77.463000
25.881000 74.130000 77.884000
26.241000 70.543000 76.628000
28.931000 71.815000 74.172000
30.259000 74.799000 76.134000
33.311000 76.498000 74.449000
36.702000 75.516000 75.787000
39.355000 78.070000 76.569000
37.757000 78.603000 71.148000
36.112000 81.581000 69.411000
32.457000 82.527000 69.738000
31.444000 84.864000 66.874000
29.355000 88.542000 56.151000
30.237000 91.167000 58.731000
32.474000 88.940000 60.914000
36.204000 88.335000 61.261000
36.040000 84.587000 60.392000
37.808000 84.986000 57.050000
40.592000 86.959000 58.790000
41.321000 83.971000 61.054000
41.046000 81.444000 58.261000
43.247000 83.253000 55.711000
45.883000 84.624000 58.160000
46.310000 81.170000 59.813000
46.372000 79.142000 56.542000
43.361000 76.924000 57.243000
42.412000 74.744000 54.233000
39.375000 72.805000 55.538000
36.251000 73.829000 57.406000
34.114000 71.249000 59.195000
30.678000 72.853000 59.428000
28.027000 71.633000 61.902000
24.774000 73.145000 63.187000
21.494000 74.826000 62.298000
19.682000 75.253000 59.891000
20.244000 73.236000 56.699000
17.945000 75.525000 54.675000
10000.000000 10000.000000 10000.000000
10000.000000 10000.000000 10000.000000
19.477000 78.711000 56.151000
22.775000 79.427000 57.839000
24.623000 76.129000 57.173000
24.102000 76.170000 53.397000
25.024000 79.874000 52.931000
28.167000 79.306000 55.132000
29.223000 76.301000 52.988000
28.675000 78.123000 49.675000
30.744000 81.038000 50.952000
33.562000 78.865000 52.289000
34.171000 76.977000 48.998000
33.960000 80.287000 47.053000
36.480000 81.902000 49.391000
38.850000 78.951000 49.313000
38.182000 76.586000 52.218000
37.154000 72.927000 51.683000
33.704000 72.414000 53.378000
10000.000000 10000.000000 10000.000000
10000.000000 10000.000000 10000.000000
10000.000000 10000.000000 10000.000000
10000.000000 10000.000000 10000.000000
10000.000000 10000.000000 10000.000000
10000.000000 10000.000000 10000.000000
10000.000000 10000.000000 10000.000000
10000.000000 10000.000000 10000.000000
10000.000000 10000.000000 10000.000000
10000.000000 10000.000000 10000.000000
10000.000000 10000.000000 10000.000000
10000.000000 10000.000000 10000.000000
10000.000000 10000.000000 10000.000000
10000.000000 10000.000000 10000.000000
10000.000000 10000.000000 10000.000000
10000.000000 10000.000000 10000.000000
10000.000000 10000.000000 10000.000000
10000.000000 10000.000000 10000.000000
10000.000000 10000.000000 10000.000000
10000.000000 10000.000000 10000.000000
10000.000000 10000.000000 10000.000000
10000.000000 10000.000000 10000.000000
10000.000000 10000.000000 10000.000000
10000.000000 10000.000000 10000.000000
10000.000000 10000.000000 10000.000000
10000.000000 10000.000000 10000.000000
10000.000000 10000.000000 10000.000000
10000.000000 10000.000000 10000.000000
10000.000000 10000.000000 10000.000000
10000.000000 10000.000000 10000.000000
10000.000000 10000.000000 10000.000000
10000.000000 10000.000000 10000.000000
10000.000000 10000.000000 10000.000000
10000.000000 10000.000000 10000.000000
10000.000000 10000.000000 10000.000000
10000.000000 10000.000000 10000.000000
10000.000000 10000.000000 10000.000000
10000.000000 10000.000000 10000.000000
10000.000000 10000.000000 10000.000000
10000.000000 10000.000000 10000.000000
10000.000000 10000.000000 10000.000000
10000.000000 10000.000000 10000.000000
10000.000000 10000.000000 10000.000000
10000.000000 10000.000000 10000.000000
10000.000000 10000.000000 10000.000000
10000.000000 10000.000000 10000.000000
