Score: 90.690000 0.000000 13.376751
10000.000000 10000.000000 10000.000000
10000.000000 10000.000000 10000.000000
10000.000000 10000.000000 10000.000000
26.926000 37.564000 54.254000
25.582000 40.339000 52.029000
24.885000 37.811000 49.196000
23.374000 35.303000 51.600000
21.096000 38.017000 53.030000
19.986000 38.836000 49.456000
19.346000 35.146000 48.640000
17.252000 34.763000 51.843000
15.088000 37.701000 50.803000
14.719000 36.311000 47.273000
13.520000 33.036000 48.849000
10.998000 34.869000 51.146000
9.352000 36.726000 48.264000
9.423000 33.644000 45.987000
7.692000 31.415000 48.609000
5.101000 34.176000 49.032000
4.551000 34.275000 45.247000
3.876000 30.517000 45.270000
1.326000 30.894000 48.067000
-0.264000 33.890000 46.249000
-0.491000 31.816000 43.021000
1.368000 34.707000 41.368000
3.017000 33.136000 38.295000
4.870000 36.329000 37.302000
6.395000 36.439000 40.770000
7.259000 32.716000 40.678000
9.235000 33.016000 37.442000
10000.000000 10000.000000 10000.000000
10.674000 36.526000 37.830000
13.952000 35.324000 39.354000
14.449000 32.399000 36.936000
17.377000 32.421000 34.480000
16.378000 31.819000 30.859000
18.344000 28.566000 30.869000
17.081000 27.292000 34.289000
17.271000 23.462000 34.682000
14.681000 22.086000 37.144000
14.119000 18.616000 38.579000
10.542000 18.734000 39.865000
9.041000 16.293000 42.348000
6.522000 14.960000 39.822000
10000.000000 10000.000000 10000.000000
10000.000000 10000.000000 10000.000000
10000.000000 10000.000000 10000.000000
5.742000 13.856000 36.270000
9.034000 14.282000 34.372000
12.756000 13.754000 34.924000
13.528000 17.416000 34.191000
12.406000 20.715000 32.601000
14.956000 22.674000 30.600000
14.682000 26.431000 29.971000
12.422000 29.059000 31.498000
9.739000 28.723000 28.829000
9.188000 25.005000 29.365000
9.360000 25.335000 33.223000
6.889000 28.243000 33.078000
4.500000 26.055000 31.144000
4.798000 23.398000 33.846000
4.197000 25.881000 36.668000
1.125000 27.217000 34.799000
-0.305000 23.725000 34.496000
0.398000 22.843000 38.149000
-1.060000 26.114000 39.365000
-4.366000 25.826000 37.518000
-4.716000 22.268000 38.796000
-5.199000 22.725000 42.501000
-8.302000 24.497000 43.808000
-8.512000 25.561000 47.429000
-2.532000 25.673000 50.332000
0.302000 25.036000 52.779000
3.707000 25.996000 51.395000
6.113000 26.764000 54.148000
9.750000 25.877000 54.967000
12.026000 24.509000 57.707000
15.778000 24.169000 58.179000
16.844000 26.694000 55.561000
20.543000 26.641000 54.757000
22.050000 29.289000 52.472000
25.664000 29.605000 51.237000
26.930000 32.254000 48.833000
30.371000 33.213000 47.489000
30.993000 35.657000 44.641000
28.667000 34.870000 41.758000
27.331000 31.501000 42.950000
24.941000 30.510000 45.741000
23.310000 27.354000 47.025000
20.253000 26.856000 49.289000
18.402000 23.840000 50.647000
15.366000 23.363000 52.892000
12.476000 21.103000 53.887000
9.160000 22.240000 52.428000
5.823000 21.371000 54.061000
3.003000 21.322000 51.594000
-0.496000 20.139000 50.884000
-4.180000 21.220000 51.028000
10000.000000 10000.000000 10000.000000
10000.000000 10000.000000 10000.000000
10000.000000 10000.000000 10000.000000
10000.000000 10000.000000 10000.000000
10000.000000 10000.000000 10000.000000
10000.000000 10000.000000 10000.000000
-4.876000 23.900000 53.627000
-8.369000 22.359000 54.038000
-6.926000 18.919000 55.062000
10000.000000 10000.000000 10000.000000
10000.000000 10000.000000 10000.000000
-3.687000 18.496000 57.163000
-4.028000 14.683000 56.742000
-2.724000 15.447000 53.207000
0.169000 17.819000 54.255000
3.739000 16.478000 54.217000
7.411000 17.355000 53.813000
9.378000 17.464000 50.599000
12.974000 18.402000 50.047000
14.284000 21.404000 48.117000
17.665000 22.383000 46.684000
18.222000 25.608000 44.674000
21.240000 26.976000 42.847000
21.715000 30.657000 42.085000
24.044000 32.757000 39.916000
24.769000 36.502000 39.938000
24.330000 37.810000 36.404000
23.338000 41.172000 34.956000
23.946000 42.499000 38.482000
21.127000 40.265000 39.845000
20.815000 36.851000 41.475000
18.930000 34.432000 39.286000
17.808000 30.840000 39.903000
19.746000 28.533000 37.612000
18.657000 25.174000 39.152000
15.908000 23.647000 41.366000
15.518000 20.014000 42.646000
12.326000 19.128000 44.455000
11.493000 15.624000 45.666000
9.986000 13.103000 48.013000
11.925000 9.971000 49.079000
10000.000000 10000.000000 10000.000000
10000.000000 10000.000000 10000.000000
10000.000000 10000.000000 10000.000000
10000.000000 10000.000000 10000.000000
10000.000000 10000.000000 10000.000000
10000.000000 10000.000000 10000.000000
10000.000000 10000.000000 10000.000000
10000.000000 10000.000000 10000.000000
10000.000000 10000.000000 10000.000000
10000.000000 10000.000000 10000.000000
10000.000000 10000.000000 10000.000000
10000.000000 10000.000000 10000.000000
10000.000000 10000.000000 10000.000000
10000.000000 10000.000000 10000.000000
10000.000000 10000.000000 10000.000000
10000.000000 10000.000000 10000.000000
10000.000000 10000.000000 10000.000000
