Score: 96.820000 0.000000 14.602060
10000.000000 10000.000000 10000.000000
10000.000000 10000.000000 10000.000000
10000.000000 10000.000000 10000.000000
-4.187000 77.568000 -40.681000
-5.808000 80.925000 -41.507000
-8.905000 80.306000 -39.354000
-6.862000 78.967000 -36.413000
-4.729000 82.129000 -36.583000
-7.737000 84.489000 -36.702000
-9.480000 82.838000 -33.718000
-6.306000 82.770000 -31.583000
-5.436000 86.385000 -32.435000
-8.988000 87.426000 -31.493000
-8.617000 85.721000 -28.094000
-5.213000 87.351000 -27.512000
-6.773000 90.738000 -28.282000
-9.706000 89.930000 -25.969000
-7.223000 89.057000 -23.203000
-5.327000 92.329000 -23.770000
-8.529000 94.337000 -23.215000
-9.403000 92.548000 -19.955000
-5.828000 92.587000 -18.608000
-5.654000 96.350000 -19.240000
-9.134000 97.124000 -17.862000
-10.636000 98.220000 -21.193000
-14.065000 96.993000 -20.077000
-16.138000 99.106000 -22.491000
-14.050000 97.886000 -25.442000
-14.375000 94.296000 -24.184000
-18.158000 94.631000 -23.775000
10000.000000 10000.000000 10000.000000
-18.431000 95.707000 -27.436000
-17.274000 92.180000 -28.360000
-20.341000 90.624000 -26.706000
-23.220000 89.987000 -29.127000
-26.733000 91.296000 -28.384000
-27.916000 87.719000 -27.750000
-24.950000 86.763000 -25.522000
-25.394000 84.073000 -22.896000
-22.528000 84.192000 -20.399000
-22.691000 81.137000 -18.138000
-20.479000 79.512000 -15.497000
-22.040000 76.480000 -13.769000
-21.338000 75.285000 -10.219000
-19.242000 72.094000 -10.050000
-19.802000 69.513000 -7.312000
-17.793000 66.672000 -5.765000
-25.293000 71.883000 -11.460000
-27.588000 71.966000 -14.531000
-28.852000 74.916000 -16.583000
-31.937000 76.551000 -15.058000
-25.766000 83.302000 -15.749000
-25.902000 86.464000 -17.805000
-27.445000 88.251000 -20.784000
-26.355000 91.403000 -22.660000
-28.404000 93.517000 -20.223000
-26.961000 92.007000 -17.022000
-23.396000 92.103000 -18.403000
-23.986000 95.792000 -19.218000
-24.726000 96.354000 -15.516000
-21.536000 94.517000 -14.534000
-19.545000 96.784000 -16.885000
-21.282000 99.874000 -15.432000
-20.125000 98.723000 -11.983000
-16.544000 98.065000 -13.157000
-16.198000 101.531000 -14.736000
-10.922000 99.735000 -6.708000
-7.952000 99.490000 -6.439000
-8.244000 97.247000 -9.558000
-6.903000 93.689000 -9.759000
-3.816000 92.796000 -11.788000
-4.848000 90.023000 -14.188000
-3.330000 87.782000 -16.850000
-5.511000 85.690000 -19.160000
-3.315000 82.939000 -20.607000
-5.059000 81.502000 -23.688000
-4.016000 78.117000 -25.105000
-5.334000 74.762000 -26.401000
-7.581000 76.490000 -28.956000
-9.724000 73.993000 -30.889000
-12.058000 75.404000 -33.551000
-15.152000 73.809000 -35.102000
-20.789000 75.250000 -37.513000
-23.435000 74.914000 -40.255000
-24.246000 78.643000 -40.180000
-19.353000 82.620000 -40.163000
-20.369000 80.879000 -36.927000
-17.789000 78.845000 -34.990000
-17.757000 76.713000 -31.848000
-14.436000 77.089000 -30.026000
-12.918000 75.259000 -27.052000
-9.879000 76.649000 -25.237000
-7.984000 76.186000 -21.981000
-7.252000 79.160000 -19.728000
-5.056000 80.151000 -16.814000
-6.346000 83.306000 -15.127000
-3.770000 84.771000 -12.752000
-5.211000 87.421000 -10.431000
-3.302000 89.535000 -7.927000
-4.511000 92.587000 -6.012000
10000.000000 10000.000000 10000.000000
10000.000000 10000.000000 10000.000000
10000.000000 10000.000000 10000.000000
10000.000000 10000.000000 10000.000000
10000.000000 10000.000000 10000.000000
-3.479000 95.052000 -3.293000
-0.383000 93.973000 -1.334000
-0.232000 90.162000 -1.444000
-3.548000 88.617000 -2.569000
-3.105000 86.001000 -5.309000
-5.864000 83.900000 -6.881000
-5.213000 81.354000 -9.632000
10000.000000 10000.000000 10000.000000
-8.075000 80.188000 -11.866000
-7.816000 77.379000 -14.412000
-10.333000 75.718000 -16.718000
-11.957000 75.587000 -20.136000
-14.074000 77.966000 -22.206000
-16.578000 76.812000 -24.813000
-17.620000 79.693000 -27.058000
-19.900000 80.394000 -29.980000
-18.229000 83.067000 -32.121000
-19.668000 84.983000 -35.080000
-17.825000 86.982000 -37.746000
-18.496000 90.708000 -37.293000
-17.688000 94.025000 -38.997000
-15.848000 95.306000 -35.893000
-13.529000 90.647000 -36.675000
-15.524000 88.557000 -34.188000
-18.315000 88.755000 -31.618000
-18.958000 86.351000 -28.729000
-22.471000 84.904000 -29.118000
-22.209000 82.353000 -26.285000
-19.696000 81.605000 -23.531000
-19.702000 78.654000 -21.142000
-16.910000 78.567000 -18.555000
-15.667000 75.340000 -17.004000
-13.849000 76.293000 -13.797000
-11.541000 73.618000 -12.367000
-12.847000 74.196000 -8.834000
-15.832000 72.999000 -6.819000
10000.000000 10000.000000 10000.000000
10000.000000 10000.000000 10000.000000
10000.000000 10000.000000 10000.000000
10000.000000 10000.000000 10000.000000
10000.000000 10000.000000 10000.000000
10000.000000 10000.000000 10000.000000
10000.000000 10000.000000 10000.000000
10000.000000 10000.000000 10000.000000
10000.000000 10000.000000 10000.000000
10000.000000 10000.000000 10000.000000
10000.000000 10000.000000 10000.000000
10000.000000 10000.000000 10000.000000
10000.000000 10000.000000 10000.000000
10000.000000 10000.000000 10000.000000
10000.000000 10000.000000 10000.000000
