Score: 28.200000 1.700000 -0.230449
10000.000000 10000.000000 10000.000000
10000.000000 10000.000000 10000.000000
10000.000000 10000.000000 10000.000000
10000.000000 10000.000000 10000.000000
10000.000000 10000.000000 10000.000000
10000.000000 10000.000000 10000.000000
10000.000000 10000.000000 10000.000000
10000.000000 10000.000000 10000.000000
10000.000000 10000.000000 10000.000000
10000.000000 10000.000000 10000.000000
10000.000000 10000.000000 10000.000000
10000.000000 10000.000000 10000.000000
10000.000000 10000.000000 10000.000000
10000.000000 10000.000000 10000.000000
10000.000000 10000.000000 10000.000000
10000.000000 10000.000000 10000.000000
10000.000000 10000.000000 10000.000000
10000.000000 10000.000000 10000.000000
10000.000000 10000.000000 10000.000000
10000.000000 10000.000000 10000.000000
10000.000000 10000.000000 10000.000000
10000.000000 10000.000000 10000.000000
47.234000 12.031000 4.135000
46.734000 10.401000 7.568000
43.136000 9.563000 6.712000
44.048000 6.238000 5.021000
40.447000 5.222000 5.614000
39.279000 7.602000 2.840000
41.643000 6.621000 0.042000
43.910000 3.623000 0.725000
43.470000 -0.132000 -0.089000
40.891000 -0.947000 2.604000
39.491000 2.619000 2.744000
36.123000 3.751000 1.367000
37.306000 5.326000 -1.902000
35.767000 8.717000 -1.030000
38.541000 10.391000 -3.085000
37.312000 8.683000 -6.280000
33.846000 10.177000 -5.769000
35.183000 13.676000 -5.055000
36.940000 13.326000 -8.468000
33.511000 12.727000 -10.052000
32.353000 16.030000 -8.513000
10000.000000 10000.000000 10000.000000
30.118000 14.583000 -5.788000
30.615000 15.606000 -2.173000
27.147000 15.204000 -0.618000
26.026000 18.664000 -1.862000
22.717000 19.825000 -0.306000
22.320000 16.552000 1.682000
21.679000 16.725000 5.415000
23.060000 14.062000 7.758000
21.895000 13.969000 11.390000
24.308000 12.808000 14.141000
22.603000 11.460000 17.269000
25.460000 11.544000 19.707000
27.241000 13.585000 22.435000
26.625000 16.912000 20.684000
29.024000 19.179000 18.828000
32.144000 21.276000 19.455000
32.608000 24.803000 18.080000
35.611000 23.492000 16.183000
37.138000 25.530000 13.383000
37.248000 22.434000 11.177000
33.510000 21.692000 11.812000
31.643000 25.018000 12.143000
31.017000 25.786000 8.470000
29.444000 22.348000 7.841000
27.398000 22.173000 11.031000
23.806000 23.414000 11.119000
22.113000 24.233000 14.403000
20.725000 21.036000 15.938000
18.901000 20.343000 19.193000
19.723000 19.010000 22.667000
17.407000 16.125000 23.613000
19.048000 15.301000 26.954000
16.268000 15.478000 29.552000
18.292000 15.039000 32.785000
20.610000 17.918000 33.776000
22.869000 15.456000 35.646000
23.639000 13.937000 32.220000
23.550000 17.102000 30.075000
25.837000 19.145000 32.357000
24.296000 22.340000 30.948000
21.881000 23.172000 33.797000
18.577000 22.222000 32.171000
16.626000 19.636000 30.165000
15.922000 19.756000 26.462000
17.210000 22.957000 24.858000
18.167000 24.507000 21.528000
10000.000000 10000.000000 10000.000000
10000.000000 10000.000000 10000.000000
10000.000000 10000.000000 10000.000000
10000.000000 10000.000000 10000.000000
10000.000000 10000.000000 10000.000000
10000.000000 10000.000000 10000.000000
10000.000000 10000.000000 10000.000000
10000.000000 10000.000000 10000.000000
10000.000000 10000.000000 10000.000000
10000.000000 10000.000000 10000.000000
21.954000 24.248000 22.009000
23.500000 20.831000 21.257000
26.968000 21.896000 22.433000
28.942000 18.933000 23.798000
29.618000 20.126000 27.362000
32.053000 17.198000 27.789000
31.088000 13.802000 29.222000
34.098000 13.457000 31.568000
33.602000 11.933000 35.026000
35.507000 10.726000 38.082000
34.961000 8.705000 41.271000
32.856000 6.127000 39.370000
30.145000 8.722000 38.646000
28.864000 6.340000 35.911000
28.814000 3.234000 38.127000
30.889000 0.112000 38.538000
32.895000 1.048000 41.683000
35.566000 -0.244000 42.402000
36.392000 -1.508000 38.885000
39.704000 0.263000 38.004000
38.606000 0.680000 34.357000
35.416000 2.518000 35.316000
36.776000 4.982000 37.854000
37.148000 7.976000 35.542000
37.105000 9.087000 31.939000
38.251000 12.085000 29.962000
35.686000 13.840000 27.788000
35.127000 11.796000 24.645000
34.111000 14.581000 22.219000
32.617000 11.483000 20.530000
29.900000 13.353000 18.554000
32.503000 15.701000 17.028000
34.849000 12.879000 15.978000
31.836000 11.207000 14.363000
30.590000 14.463000 12.776000
34.059000 15.177000 11.312000
34.137000 11.817000 9.541000
30.913000 12.701000 7.817000
31.617000 16.350000 6.956000
34.728000 17.978000 8.440000
35.318000 21.212000 6.545000
37.533000 20.232000 3.615000
39.873000 22.193000 1.325000
40.251000 24.845000 4.077000
43.968000 24.036000 4.677000
43.622000 23.137000 8.364000
42.972000 19.784000 9.987000
41.223000 16.984000 8.207000
38.699000 16.124000 5.480000
35.168000 14.699000 5.635000
33.687000 11.864000 3.539000
30.721000 14.052000 2.473000
10000.000000 10000.000000 10000.000000
10000.000000 10000.000000 10000.000000
10000.000000 10000.000000 10000.000000
10000.000000 10000.000000 10000.000000
