Score: 77.920000 0.000000 10.853872
10000.000000 10000.000000 10000.000000
10000.000000 10000.000000 10000.000000
33.359000 26.668000 -4.929000
36.719000 25.673000 -3.359000
37.983000 29.247000 -3.859000
34.928000 30.439000 -1.872000
35.485000 27.825000 0.824000
39.086000 28.984000 1.381000
37.744000 32.544000 1.610000
35.162000 31.422000 4.166000
37.634000 29.362000 6.257000
39.978000 32.389000 6.480000
37.070000 34.593000 7.488000
35.965000 32.661000 10.580000
39.602000 31.876000 11.661000
40.481000 35.586000 11.619000
37.217000 36.473000 13.490000
37.846000 33.877000 16.243000
41.543000 34.538000 16.534000
41.560000 38.381000 16.439000
39.053000 38.229000 19.344000
41.480000 36.068000 21.355000
44.559000 38.134000 20.486000
42.418000 41.314000 21.043000
43.841000 42.687000 17.736000
41.050000 44.929000 16.393000
42.835000 46.117000 13.245000
42.835000 42.444000 12.276000
39.086000 42.263000 12.815000
10000.000000 10000.000000 10000.000000
38.415000 45.362000 10.695000
40.075000 43.593000 7.755000
37.570000 40.699000 7.584000
34.144000 42.319000 8.363000
31.495000 43.786000 6.075000
30.444000 47.495000 6.258000
27.235000 46.617000 8.161000
26.616000 43.448000 10.174000
23.492000 41.628000 11.389000
24.085000 41.270000 15.116000
21.429000 39.063000 16.752000
22.141000 39.082000 20.461000
18.466000 38.574000 21.482000
19.214000 35.268000 23.283000
21.535000 36.860000 25.820000
20.829000 40.585000 25.566000
17.299000 40.753000 24.055000
18.667000 42.886000 21.161000
19.026000 42.520000 17.348000
20.755000 45.212000 15.196000
19.566000 44.581000 11.676000
22.533000 46.416000 10.085000
25.125000 47.615000 12.631000
27.883000 49.844000 11.090000
31.199000 47.987000 11.307000
32.775000 50.731000 13.408000
30.037000 50.413000 16.059000
30.564000 46.626000 16.077000
34.367000 46.854000 16.539000
33.798000 49.431000 19.308000
31.449000 47.093000 21.212000
33.665000 44.025000 21.155000
36.770000 46.034000 22.025000
35.116000 47.952000 24.920000
36.408000 47.461000 28.463000
38.733000 45.129000 25.649000
39.498000 44.213000 29.277000
43.139000 42.988000 29.639000
42.277000 40.773000 32.566000
39.696000 38.860000 30.548000
40.996000 35.767000 28.715000
39.009000 33.800000 26.097000
39.626000 31.112000 23.395000
36.868000 31.039000 20.790000
37.583000 27.510000 19.589000
35.927000 26.377000 16.365000
34.775000 22.764000 16.030000
32.435000 21.432000 13.370000
31.354000 23.785000 10.605000
29.126000 23.420000 7.591000
28.289000 25.936000 4.930000
25.236000 26.832000 2.982000
25.058000 29.067000 -0.122000
22.075000 31.354000 0.213000
22.592000 33.290000 -3.037000
25.536000 34.268000 -5.338000
26.921000 36.700000 -2.763000
26.605000 32.202000 2.565000
25.638000 30.942000 6.076000
28.084000 28.959000 8.178000
26.896000 26.902000 11.141000
29.752000 26.401000 13.722000
30.360000 24.612000 16.946000
32.073000 26.837000 19.486000
33.420000 26.155000 22.921000
34.835000 29.269000 24.530000
36.438000 29.386000 27.944000
36.390000 32.831000 29.545000
38.551000 33.555000 32.587000
38.665000 36.883000 34.460000
10000.000000 10000.000000 10000.000000
10000.000000 10000.000000 10000.000000
10000.000000 10000.000000 10000.000000
41.615000 37.915000 36.769000
41.840000 40.438000 39.551000
45.075000 42.209000 38.407000
47.100000 42.475000 35.189000
49.781000 40.317000 36.782000
47.132000 37.546000 36.481000
47.753000 35.455000 39.644000
44.072000 35.536000 41.007000
41.229000 34.011000 39.092000
38.188000 35.987000 39.826000
35.483000 34.618000 37.468000
35.497000 31.556000 35.160000
32.929000 30.676000 32.410000
25.880000 26.552000 18.061000
26.837000 29.631000 16.118000
25.032000 30.736000 12.936000
27.242000 33.188000 10.960000
26.362000 35.223000 7.819000
29.017000 36.019000 5.153000
28.899000 38.413000 2.100000
31.056000 38.657000 -1.029000
31.936000 42.352000 -1.298000
34.745000 42.890000 -3.879000
35.611000 39.340000 -4.662000
36.450000 38.529000 -1.050000
34.087000 37.028000 1.521000
33.649000 39.080000 4.715000
32.042000 38.372000 8.092000
28.559000 39.914000 7.928000
27.091000 39.160000 11.371000
26.238000 36.273000 13.707000
23.556000 34.590000 15.802000
24.874000 32.732000 18.965000
23.000000 29.847000 20.616000
24.977000 29.409000 23.829000
23.218000 26.150000 24.799000
25.274000 25.280000 27.892000
27.106000 28.039000 29.749000
24.647000 30.967000 29.365000
24.240000 31.987000 33.061000
10000.000000 10000.000000 10000.000000
28.006000 31.984000 33.655000
28.505000 33.850000 30.350000
26.022000 36.447000 31.584000
27.900000 36.694000 34.842000
31.246000 37.439000 33.155000
29.601000 39.960000 30.864000
27.217000 41.609000 33.394000
28.443000 45.159000 33.056000
28.712000 44.591000 29.281000
25.061000 43.583000 29.088000
10000.000000 10000.000000 10000.000000
10000.000000 10000.000000 10000.000000
