Score: 85.630000 0.000000 12.376751
10000.000000 10000.000000 10000.000000
10000.000000 10000.000000 10000.000000
10000.000000 10000.000000 10000.000000
10000.000000 10000.000000 10000.000000
-28.008000 -77.672000 3.745000
-29.604000 -74.226000 4.080000
-26.986000 -73.114000 6.535000
-24.262000 -74.211000 4.102000
-26.051000 -72.316000 1.360000
-25.651000 -69.073000 3.328000
-21.976000 -69.768000 4.104000
-21.188000 -70.401000 0.453000
-22.821000 -67.130000 -0.667000
-21.229000 -65.127000 2.144000
-17.851000 -66.549000 1.127000
-18.492000 -65.604000 -2.532000
-19.383000 -62.041000 -1.476000
-16.058000 -61.822000 0.411000
-14.147000 -63.081000 -2.657000
-15.807000 -60.439000 -4.852000
-14.814000 -57.749000 -2.331000
-11.196000 -58.986000 -2.129000
-10.882000 -59.196000 -5.929000
-12.523000 -55.776000 -6.363000
-15.282000 -57.221000 -8.547000
-18.037000 -54.614000 -8.270000
-20.291000 -56.289000 -10.798000
-20.199000 -59.498000 -8.756000
-20.712000 -57.394000 -5.654000
-23.797000 -55.576000 -7.036000
10000.000000 10000.000000 10000.000000
-25.245000 -58.908000 -8.221000
-25.044000 -60.369000 -4.663000
-26.189000 -57.208000 -2.800000
-29.696000 -55.882000 -2.651000
-29.798000 -52.380000 -4.143000
-31.324000 -51.204000 -0.826000
-28.457000 -52.667000 1.245000
-27.880000 -50.715000 4.472000
-24.655000 -50.837000 6.389000
-23.184000 -50.116000 9.818000
-19.378000 -50.144000 9.511000
-16.262000 -48.431000 10.908000
-15.733000 -46.272000 7.798000
10000.000000 10000.000000 10000.000000
10000.000000 10000.000000 10000.000000
-19.295000 -44.918000 8.090000
-18.401000 -43.374000 11.480000
-21.452000 -44.550000 13.459000
-23.949000 -43.778000 10.686000
-26.158000 -46.109000 8.708000
-25.341000 -45.763000 5.003000
-26.922000 -47.010000 1.790000
-24.104000 -49.492000 1.126000
-24.153000 -49.482000 -2.712000
-23.222000 -45.782000 -3.106000
-20.881000 -45.744000 -0.083000
-18.925000 -48.833000 -1.181000
-18.349000 -47.620000 -4.758000
-15.440000 -45.537000 -3.448000
-13.490000 -48.505000 -2.129000
-13.853000 -50.401000 -5.399000
-12.884000 -47.406000 -7.561000
-9.909000 -46.443000 -5.398000
-8.527000 -49.484000 -3.590000
-9.875000 -53.065000 -3.922000
-9.821000 -53.258000 -7.724000
-6.331000 -51.665000 -8.106000
-4.624000 -53.963000 -5.458000
-1.879000 -56.516000 -6.303000
-1.710000 -60.496000 -0.977000
-4.432000 -60.925000 1.608000
-5.662000 -64.062000 3.352000
-9.150000 -64.012000 4.874000
-10.119000 -66.437000 7.619000
-13.754000 -66.841000 8.656000
-13.982000 -68.092000 12.238000
-16.881000 -69.722000 14.024000
-19.694000 -68.725000 11.698000
-23.229000 -69.059000 12.974000
-26.315000 -69.117000 10.719000
-29.903000 -68.486000 11.751000
-32.397000 -69.797000 9.200000
-35.432000 -67.511000 9.496000
-37.871000 -69.236000 7.138000
-37.684000 -70.435000 3.541000
-36.386000 -67.113000 2.126000
-34.603000 -65.383000 5.018000
-31.331000 -66.032000 6.816000
-28.684000 -64.337000 8.843000
-24.986000 -65.029000 9.356000
-22.660000 -63.866000 12.149000
-18.904000 -64.522000 11.802000
-15.422000 -63.311000 12.836000
-13.169000 -62.237000 9.969000
-9.438000 -62.329000 10.395000
-7.545000 -60.678000 7.534000
-3.856000 -61.180000 7.079000
-2.378000 -58.462000 4.873000
0.792000 -56.478000 4.147000
10000.000000 10000.000000 10000.000000
10000.000000 10000.000000 10000.000000
10000.000000 10000.000000 10000.000000
1.183000 -52.885000 5.353000
2.697000 -49.638000 4.043000
5.959000 -49.958000 5.984000
10000.000000 10000.000000 10000.000000
10000.000000 10000.000000 10000.000000
6.252000 -53.457000 4.335000
5.297000 -55.626000 7.338000
2.475000 -58.211000 7.539000
-0.416000 -57.622000 9.949000
-3.750000 -59.070000 11.036000
-7.061000 -57.353000 11.649000
-10.168000 -58.784000 13.290000
-13.662000 -57.677000 12.626000
-17.033000 -59.092000 13.747000
-19.611000 -59.212000 10.993000
-23.326000 -59.721000 10.532000
-24.965000 -60.172000 7.130000
-28.721000 -60.482000 6.689000
-29.908000 -62.362000 3.592000
-33.120000 -62.367000 1.553000
-33.847000 -64.720000 -1.348000
-35.798000 -62.962000 -4.108000
-36.523000 -64.694000 -7.411000
-34.291000 -67.655000 -6.519000
-31.226000 -65.501000 -5.782000
-29.836000 -64.729000 -2.265000
-29.224000 -61.003000 -1.751000
-27.532000 -59.208000 1.153000
-29.913000 -56.592000 2.598000
-28.023000 -55.511000 5.734000
-24.462000 -55.550000 6.958000
-23.031000 -54.726000 10.364000
-19.291000 -54.646000 10.860000
-17.441000 -53.878000 14.076000
10000.000000 10000.000000 10000.000000
10000.000000 10000.000000 10000.000000
10000.000000 10000.000000 10000.000000
10000.000000 10000.000000 10000.000000
10000.000000 10000.000000 10000.000000
10000.000000 10000.000000 10000.000000
10000.000000 10000.000000 10000.000000
10000.000000 10000.000000 10000.000000
10000.000000 10000.000000 10000.000000
10000.000000 10000.000000 10000.000000
10000.000000 10000.000000 10000.000000
10000.000000 10000.000000 10000.000000
10000.000000 10000.000000 10000.000000
10000.000000 10000.000000 10000.000000
10000.000000 10000.000000 10000.000000
10000.000000 10000.000000 10000.000000
10000.000000 10000.000000 10000.000000
10000.000000 10000.000000 10000.000000
10000.000000 10000.000000 10000.000000
