Score: 109.000000 0.000000 17.017729
10000.000000 10000.000000 10000.000000
10000.000000 10000.000000 10000.000000
50.625000 38.297000 -41.232000
54.194000 36.920000 -41.341000
55.760000 40.176000 -42.568000
53.932000 42.207000 -39.940000
54.988000 39.758000 -37.227000
58.685000 40.271000 -37.991000
58.275000 44.064000 -38.345000
56.499000 44.433000 -35.026000
58.869000 42.042000 -33.253000
61.749000 44.290000 -34.370000
59.851000 47.403000 -33.253000
59.199000 46.054000 -29.743000
62.764000 44.776000 -29.387000
64.139000 48.230000 -30.298000
61.667000 49.903000 -27.923000
62.658000 47.574000 -25.063000
66.392000 48.095000 -25.702000
65.919000 51.866000 -25.656000
64.044000 51.684000 -22.348000
66.582000 49.260000 -20.806000
69.413000 51.727000 -21.400000
67.174000 54.480000 -19.910000
66.992000 56.565000 -23.062000
63.658000 57.959000 -21.967000
63.801000 61.183000 -24.019000
64.604000 59.239000 -27.198000
61.729000 56.887000 -26.414000
59.246000 59.708000 -25.834000
60.348000 61.636000 -28.924000
60.811000 58.766000 -31.385000
58.556000 55.943000 -30.207000
55.565000 57.774000 -28.681000
52.949000 59.753000 -30.614000
51.683000 63.185000 -29.550000
48.176000 61.712000 -29.037000
49.439000 58.986000 -26.684000
47.234000 57.480000 -23.997000
49.527000 55.448000 -21.720000
47.342000 53.522000 -19.262000
48.012000 50.864000 -16.622000
45.103000 49.840000 -14.423000
44.689000 47.880000 -11.253000
41.328000 46.126000 -11.217000
39.491000 45.642000 -7.949000
38.710000 41.970000 -7.314000
34.230000 51.888000 -10.913000
36.328000 48.712000 -10.735000
39.620000 50.099000 -12.052000
49.090000 55.416000 -15.132000
46.756000 57.298000 -17.446000
49.085000 59.659000 -19.171000
49.015000 62.029000 -22.124000
52.214000 63.271000 -23.788000
52.765000 66.166000 -21.375000
52.301000 63.835000 -18.407000
54.861000 61.424000 -19.857000
57.151000 64.423000 -20.439000
56.923000 65.304000 -16.755000
57.716000 61.721000 -15.733000
60.664000 61.623000 -18.125000
62.091000 64.919000 -16.825000
61.775000 63.613000 -13.245000
63.713000 60.545000 -14.392000
68.276000 57.010000 -9.437000
71.687000 57.126000 -7.732000
73.447000 54.719000 -8.062000
72.125000 54.009000 -11.545000
69.330000 51.416000 -11.565000
69.542000 48.316000 -13.828000
66.655000 47.325000 -16.123000
66.279000 44.209000 -18.247000
63.175000 43.626000 -20.401000
62.003000 40.333000 -21.879000
59.371000 40.662000 -24.586000
57.550000 37.552000 -25.807000
54.368000 36.292000 -27.486000
54.181000 39.164000 -29.943000
51.137000 39.316000 -32.099000
49.965000 42.004000 -34.442000
47.002000 42.928000 -36.646000
46.407000 45.837000 -38.975000
43.236000 47.741000 -38.039000
45.265000 50.577000 -42.007000
48.009000 52.903000 -40.613000
47.038000 51.606000 -37.151000
48.651000 48.399000 -35.916000
47.128000 46.508000 -33.006000
49.882000 44.842000 -31.033000
49.827000 42.464000 -28.103000
52.972000 41.369000 -26.268000
53.961000 39.948000 -22.935000
56.676000 41.511000 -20.811000
58.883000 40.430000 -17.950000
60.723000 43.451000 -16.555000
63.602000 42.920000 -14.083000
64.677000 45.955000 -12.062000
67.732000 45.736000 -9.787000
69.186000 48.435000 -7.523000
10000.000000 10000.000000 10000.000000
10000.000000 10000.000000 10000.000000
10000.000000 10000.000000 10000.000000
10000.000000 10000.000000 10000.000000
10000.000000 10000.000000 10000.000000
70.940000 49.186000 -4.242000
72.828000 45.839000 -4.058000
70.022000 43.485000 -3.134000
66.762000 44.998000 -4.331000
65.187000 42.980000 -7.155000
61.707000 43.477000 -8.536000
60.170000 41.513000 -11.350000
10000.000000 10000.000000 10000.000000
57.098000 42.762000 -13.228000
54.840000 40.666000 -15.500000
52.400000 42.263000 -17.927000
50.487000 42.000000 -21.175000
50.679000 45.211000 -23.205000
47.733000 45.925000 -25.470000
48.949000 48.575000 -27.898000
47.896000 50.655000 -30.843000
50.823000 51.866000 -32.940000
50.629000 54.227000 -35.913000
52.745000 54.363000 -39.068000
54.338000 57.815000 -39.602000
55.295000 59.645000 -42.828000
58.617000 55.081000 -42.169000
58.626000 55.377000 -38.380000
56.033000 53.804000 -36.108000
54.830000 55.479000 -32.898000
52.741000 54.351000 -29.948000
49.281000 55.956000 -29.743000
47.832000 53.773000 -26.983000
49.239000 51.322000 -24.489000
46.908000 49.576000 -22.087000
47.967000 47.173000 -19.326000
45.531000 45.428000 -16.959000
48.198000 44.752000 -14.323000
47.773000 41.123000 -13.181000
48.756000 41.418000 -9.512000
46.229000 43.451000 -7.542000
10000.000000 10000.000000 10000.000000
10000.000000 10000.000000 10000.000000
10000.000000 10000.000000 10000.000000
10000.000000 10000.000000 10000.000000
10000.000000 10000.000000 10000.000000
10000.000000 10000.000000 10000.000000
10000.000000 10000.000000 10000.000000
10000.000000 10000.000000 10000.000000
10000.000000 10000.000000 10000.000000
10000.000000 10000.000000 10000.000000
10000.000000 10000.000000 10000.000000
10000.000000 10000.000000 10000.000000
10000.000000 10000.000000 10000.000000
10000.000000 10000.000000 10000.000000
10000.000000 10000.000000 10000.000000
