Score: 54.100000 0.000000 7.522879
10000.000000 10000.000000 10000.000000
10000.000000 10000.000000 10000.000000
10000.000000 10000.000000 10000.000000
10000.000000 10000.000000 10000.000000
-13.836000 3.525000 -16.173000
-10.717000 1.578000 -15.231000
-12.836000 -1.250000 -13.790000
-14.739000 -1.487000 -17.123000
-11.543000 -1.839000 -19.172000
-9.963000 -4.179000 -16.606000
-13.041000 -6.422000 -16.719000
-12.965000 -6.317000 -20.537000
-9.338000 -7.385000 -20.334000
-9.732000 -10.332000 -17.905000
-12.963000 -11.541000 -19.582000
-11.255000 -11.540000 -22.985000
-8.194000 -13.277000 -21.514000
-10.356000 -16.118000 -20.070000
-12.617000 -16.367000 -23.099000
-9.702000 -16.459000 -25.543000
-8.125000 -19.272000 -23.534000
-11.388000 -21.178000 -23.525000
-12.260000 -20.682000 -27.155000
-8.581000 -21.262000 -28.053000
-8.771000 -17.970000 -29.958000
-5.139000 -16.909000 -30.049000
-5.477000 -13.795000 -32.193000
-8.165000 -12.608000 -29.814000
-5.691000 -13.201000 -26.960000
10000.000000 10000.000000 10000.000000
-3.124000 -11.121000 -28.852000
-5.567000 -8.206000 -28.811000
-5.635000 -7.901000 -25.010000
-2.083000 -8.709000 -23.852000
0.742000 -6.218000 -23.212000
3.998000 -6.295000 -25.297000
5.693000 -8.299000 -22.567000
4.279000 -10.266000 -19.677000
5.386000 -11.094000 -16.149000
4.782000 -14.840000 -15.803000
5.423000 -16.041000 -12.256000
5.069000 -19.809000 -11.869000
7.697000 -20.007000 -9.114000
5.259000 -21.726000 -6.778000
4.853000 -24.765000 -9.050000
7.680000 -24.640000 -11.620000
10.468000 -22.593000 -10.012000
10.191000 -20.308000 -13.066000
9.814000 -16.544000 -13.513000
9.835000 -14.578000 -16.760000
9.835000 -10.876000 -15.941000
9.124000 -9.778000 -19.480000
8.078000 -12.657000 -21.724000
7.419000 -11.261000 -25.212000
3.729000 -11.301000 -26.192000
4.321000 -13.632000 -29.153000
6.302000 -16.049000 -26.993000
3.498000 -16.003000 -24.410000
0.898000 -16.829000 -27.072000
3.287000 -19.526000 -28.273000
3.391000 -20.950000 -24.749000
-0.355000 -20.979000 -24.014000
-1.305000 -22.237000 -27.492000
1.141000 -25.175000 -27.562000
-4.092000 -25.067000 -24.065000
-3.640000 -25.727000 -27.769000
-4.638000 -29.399000 -27.449000
-7.924000 -29.896000 -29.353000
-8.884000 -32.740000 -26.990000
-8.771000 -30.403000 -23.954000
-11.824000 -28.401000 -22.846000
-11.582000 -25.669000 -20.218000
-13.506000 -22.871000 -18.589000
-11.346000 -20.301000 -16.791000
-14.200000 -19.220000 -14.568000
-13.572000 -15.876000 -12.843000
-15.214000 -15.445000 -9.431000
-14.750000 -12.793000 -6.735000
-12.288000 -10.056000 -7.641000
-10.614000 -7.236000 -5.707000
-8.218000 -4.610000 -7.041000
-5.160000 -2.595000 -6.082000
-0.136000 0.252000 -8.220000
0.486000 3.373000 -10.347000
-1.185000 5.518000 -12.995000
-0.602000 2.771000 -15.560000
-0.495000 -0.396000 -13.459000
-3.248000 -2.253000 -11.580000
-3.318000 -5.693000 -9.943000
-6.385000 -7.893000 -9.802000
-6.863000 -10.699000 -7.298000
-9.258000 -13.152000 -8.949000
-10.846000 -16.312000 -7.597000
-10.410000 -18.815000 -10.399000
-11.989000 -22.195000 -10.965000
-10.965000 -24.143000 -14.057000
-13.268000 -27.019000 -14.909000
-11.706000 -29.065000 -17.639000
-12.138000 -32.307000 -19.523000
10000.000000 10000.000000 10000.000000
10000.000000 10000.000000 10000.000000
10000.000000 10000.000000 10000.000000
-9.848000 -34.315000 -21.809000
-10.988000 -36.569000 -24.611000
-9.233000 -39.743000 -25.678000
-8.749000 -38.284000 -29.166000
-10.128000 -35.611000 -31.506000
-13.295000 -37.611000 -32.236000
-14.376000 -36.094000 -28.906000
-16.403000 -39.195000 -28.097000
-14.670000 -40.559000 -24.982000
-13.627000 -38.532000 -21.926000
-10.366000 -39.751000 -20.375000
-10.324000 -37.301000 -17.463000
-12.412000 -34.563000 -15.882000
-11.441000 -32.192000 -13.102000
-11.282000 -28.750000 -11.517000
-8.349000 -26.517000 -10.619000
-8.889000 -23.993000 -7.781000
-3.035000 -10.656000 -12.538000
-0.927000 -7.673000 -13.592000
-2.563000 -5.073000 -15.846000
-0.799000 -2.233000 -17.672000
-2.434000 0.726000 -19.385000
-0.893000 0.945000 -22.884000
-1.909000 3.977000 -24.974000
-5.032000 4.453000 -22.897000
-6.107000 0.795000 -22.946000
-5.799000 -1.686000 -20.076000
-3.846000 -4.766000 -21.135000
-3.229000 -8.181000 -19.542000
0.396000 -7.901000 -18.428000
0.906000 -11.237000 -16.673000
-0.024000 -13.517000 -13.810000
1.086000 -15.249000 -10.630000
-1.245000 -18.191000 -9.940000
-1.631000 -19.635000 -6.470000
-3.037000 -23.074000 -7.248000
-4.795000 -24.364000 -4.136000
-6.141000 -27.861000 -4.689000
-7.589000 -29.886000 -7.517000
-10.590000 -32.146000 -7.972000
10000.000000 10000.000000 10000.000000
10000.000000 10000.000000 10000.000000
10000.000000 10000.000000 10000.000000
10000.000000 10000.000000 10000.000000
10000.000000 10000.000000 10000.000000
10000.000000 10000.000000 10000.000000
10000.000000 10000.000000 10000.000000
10000.000000 10000.000000 10000.000000
10000.000000 10000.000000 10000.000000
10000.000000 10000.000000 10000.000000
10000.000000 10000.000000 10000.000000
10000.000000 10000.000000 10000.000000
10000.000000 10000.000000 10000.000000
10000.000000 10000.000000 10000.000000
