Score: 53.300000 0.000000 7.301030
10000.000000 10000.000000 10000.000000
10000.000000 10000.000000 10000.000000
10000.000000 10000.000000 10000.000000
10000.000000 10000.000000 10000.000000
11.089000 34.079000 38.182000
11.469000 30.381000 39.043000
12.307000 29.636000 35.408000
15.141000 32.213000 35.371000
16.662000 30.701000 38.522000
16.208000 27.142000 37.239000
17.920000 27.985000 33.929000
20.839000 29.635000 35.749000
21.120000 26.353000 37.665000
21.132000 23.901000 34.788000
23.319000 26.187000 32.620000
25.950000 26.541000 35.354000
25.770000 22.784000 36.030000
26.458000 21.936000 32.372000
29.021000 24.671000 31.695000
30.938000 24.035000 34.949000
31.284000 20.394000 33.835000
32.554000 21.504000 30.406000
34.961000 24.165000 31.652000
35.992000 21.808000 34.504000
35.318000 24.700000 36.925000
34.437000 22.865000 40.132000
33.954000 25.996000 42.223000
31.305000 27.154000 39.716000
29.564000 23.797000 40.188000
10000.000000 10000.000000 10000.000000
29.722000 24.239000 43.998000
27.856000 27.565000 43.736000
24.721000 25.991000 42.203000
24.350000 22.609000 43.952000
22.329000 21.745000 47.054000
24.058000 20.411000 50.247000
22.969000 16.837000 49.391000
21.959000 15.375000 46.040000
19.867000 12.494000 44.732000
22.314000 10.830000 42.330000
20.427000 8.197000 40.353000
22.951000 6.372000 38.155000
21.005000 3.105000 38.226000
20.760000 2.764000 34.446000
24.427000 3.672000 33.857000
26.242000 1.908000 36.699000
23.508000 0.358000 38.876000
23.769000 2.744000 41.852000
21.398000 5.192000 43.560000
22.578000 7.664000 46.233000
19.500000 9.312000 47.754000
21.494000 11.981000 49.593000
25.104000 12.205000 48.434000
26.987000 15.089000 50.154000
27.827000 17.948000 47.767000
31.614000 17.556000 48.146000
31.468000 13.826000 47.472000
29.484000 14.452000 44.281000
32.022000 17.095000 43.195000
34.835000 14.702000 44.102000
33.296000 12.022000 41.886000
32.588000 14.073000 38.746000
35.918000 15.924000 38.999000
38.045000 12.785000 39.447000
35.529000 14.738000 34.032000
38.774000 15.738000 35.769000
40.778000 14.126000 32.944000
42.634000 16.949000 31.081000
42.693000 14.769000 27.940000
38.875000 14.570000 27.873000
36.672000 17.145000 26.116000
32.881000 17.274000 26.494000
29.756000 19.382000 25.952000
26.699000 18.833000 28.149000
24.348000 20.450000 25.635000
20.882000 21.300000 26.969000
17.968000 20.978000 24.538000
14.206000 20.833000 24.895000
12.965000 21.281000 28.447000
9.596000 20.830000 30.179000
8.923000 21.383000 33.889000
6.913000 19.851000 36.722000
6.369000 18.911000 42.776000
5.993000 21.247000 45.765000
6.612000 24.838000 46.860000
10.349000 24.112000 47.084000
10.758000 21.207000 44.653000
10.838000 21.160000 40.847000
11.576000 18.457000 38.272000
13.136000 19.415000 34.956000
12.994000 17.054000 31.978000
15.921000 17.945000 29.691000
17.000000 16.525000 26.346000
20.765000 16.116000 26.456000
23.399000 15.515000 23.792000
26.857000 15.005000 25.241000
29.748000 14.530000 22.809000
32.994000 13.158000 24.286000
36.453000 13.322000 22.745000
10000.000000 10000.000000 10000.000000
10000.000000 10000.000000 10000.000000
10000.000000 10000.000000 10000.000000
39.586000 11.793000 24.297000
43.144000 12.696000 23.298000
46.437000 10.776000 23.527000
48.038000 13.502000 25.668000
47.648000 17.059000 26.978000
48.939000 18.564000 23.714000
45.448000 17.842000 22.345000
46.879000 16.916000 18.916000
45.635000 13.340000 18.482000
42.088000 12.123000 19.112000
42.102000 8.548000 20.423000
38.415000 7.983000 21.183000
34.973000 9.496000 20.544000
31.541000 8.768000 22.022000
28.431000 10.938000 21.944000
25.521000 10.294000 24.338000
21.847000 10.998000 23.592000
16.897000 16.740000 37.148000
15.634000 17.628000 40.639000
15.812000 21.241000 41.841000
15.223000 22.570000 45.352000
14.580000 26.098000 46.566000
16.894000 26.869000 49.489000
16.839000 30.309000 51.129000
15.012000 31.728000 48.118000
17.481000 30.316000 45.589000
16.875000 27.379000 43.250000
19.601000 24.763000 43.644000
20.621000 21.752000 41.548000
19.505000 18.862000 43.794000
20.100000 15.713000 41.759000
19.839000 13.903000 38.421000
18.742000 10.685000 36.711000
20.298000 10.289000 33.245000
18.683000 7.988000 30.673000
21.113000 7.465000 27.792000
19.135000 5.870000 24.948000
22.090000 5.351000 22.589000
25.520000 6.627000 21.639000
27.308000 7.679000 18.452000
10000.000000 10000.000000 10000.000000
30.854000 6.304000 18.019000
32.105000 4.495000 21.156000
30.360000 6.089000 24.117000
30.354000 2.766000 26.006000
34.183000 2.859000 26.141000
34.560000 6.532000 27.156000
34.110000 5.956000 30.909000
35.535000 2.431000 31.297000
37.715000 3.389000 34.300000
35.088000 5.628000 35.883000
32.401000 2.940000 35.694000
10000.000000 10000.000000 10000.000000
10000.000000 10000.000000 10000.000000
