Score: 50.290000 0.000004 5.356547
10000.000000 10000.000000 10000.000000
10000.000000 10000.000000 10000.000000
10000.000000 10000.000000 10000.000000
10000.000000 10000.000000 10000.000000
10000.000000 10000.000000 10000.000000
50.045000 49.198000 -8.961000
49.115000 50.064000 -5.410000
46.361000 52.358000 -6.735000
45.072000 49.617000 -9.059000
44.788000 47.100000 -6.247000
42.950000 49.572000 -3.985000
40.583000 50.276000 -6.875000
39.967000 46.514000 -7.410000
38.974000 46.178000 -3.698000
36.370000 48.913000 -4.202000
35.261000 47.546000 -7.570000
34.338000 44.202000 -5.858000
31.839000 46.037000 -3.672000
30.433000 48.019000 -6.593000
29.758000 44.900000 -8.669000
28.061000 43.086000 -5.695000
25.876000 46.175000 -5.127000
24.873000 46.369000 -8.795000
23.973000 42.601000 -8.676000
26.539000 42.018000 -11.412000
27.833000 38.550000 -10.568000
29.302000 37.959000 -14.069000
31.108000 41.269000 -13.750000
32.412000 40.501000 -10.291000
33.924000 37.202000 -11.542000
10000.000000 10000.000000 10000.000000
35.888000 39.036000 -14.267000
38.030000 40.601000 -11.456000
39.004000 37.136000 -10.209000
41.436000 34.336000 -11.116000
40.219000 30.792000 -11.777000
42.590000 29.878000 -8.934000
40.839000 32.183000 -6.414000
41.047000 31.005000 -2.811000
38.707000 32.903000 -0.488000
37.798000 32.742000 3.187000
34.778000 34.400000 4.793000
10000.000000 10000.000000 10000.000000
35.070000 35.081000 7.740000
38.694000 34.309000 8.485000
38.485000 31.238000 10.698000
10000.000000 10000.000000 10000.000000
10000.000000 10000.000000 10000.000000
36.039000 29.277000 8.577000
37.513000 27.418000 5.576000
38.978000 28.212000 2.218000
36.738000 27.973000 -0.871000
38.416000 27.611000 -4.293000
37.416000 28.620000 -7.784000
35.159000 30.927000 -9.758000
32.078000 28.638000 -9.551000
32.242000 28.693000 -5.764000
32.615000 32.462000 -5.856000
29.649000 32.651000 -8.215000
27.498000 30.692000 -5.732000
28.650000 32.901000 -2.781000
28.023000 36.086000 -4.804000
24.603000 34.736000 -6.004000
23.582000 34.140000 -2.397000
24.770000 37.698000 -1.552000
22.753000 39.283000 -4.339000
19.666000 37.190000 -3.500000
19.974000 38.451000 0.121000
20.149000 42.116000 -1.021000
10000.000000 10000.000000 10000.000000
10000.000000 10000.000000 10000.000000
23.700000 42.511000 0.249000
25.035000 46.095000 0.088000
28.730000 46.697000 0.656000
29.745000 50.343000 1.337000
33.510000 50.785000 1.323000
35.290000 53.150000 3.650000
39.046000 53.226000 3.719000
41.678000 51.478000 1.587000
45.394000 50.758000 1.953000
47.828000 48.870000 -0.238000
50.614000 46.515000 0.764000
54.182000 47.166000 -0.389000
54.574000 43.617000 -1.655000
53.125000 44.053000 -5.145000
50.190000 41.834000 -4.131000
47.913000 42.985000 -1.305000
45.327000 45.642000 -0.626000
42.593000 46.029000 1.992000
39.271000 47.879000 2.260000
37.001000 48.534000 5.263000
33.391000 47.753000 4.485000
30.021000 48.392000 6.106000
27.527000 45.819000 4.806000
23.812000 45.163000 5.206000
21.697000 42.202000 4.101000
18.339000 40.535000 4.695000
18.154000 38.856000 8.120000
17.097000 35.619000 6.322000
18.828000 33.357000 5.512000
22.128000 34.431000 7.098000
21.003000 35.425000 10.571000
19.878000 32.023000 11.829000
23.079000 30.434000 10.456000
10.429000 39.544000 16.329000
9.848000 39.590000 12.563000
12.781000 38.087000 10.696000
11.183000 39.194000 7.417000
11.633000 42.911000 8.124000
15.014000 42.841000 9.940000
18.454000 43.431000 8.453000
10000.000000 10000.000000 10000.000000
10000.000000 10000.000000 10000.000000
21.897000 42.245000 9.519000
24.793000 44.686000 9.486000
28.393000 43.536000 9.313000
31.524000 45.717000 9.583000
34.514000 43.963000 8.038000
37.870000 44.345000 6.356000
38.377000 42.560000 3.022000
42.001000 41.802000 2.138000
42.785000 40.929000 -1.432000
10000.000000 10000.000000 10000.000000
45.819000 39.480000 -3.174000
46.398000 40.061000 -6.859000
48.387000 37.760000 -9.146000
50.857000 38.239000 -12.038000
48.028000 38.918000 -14.463000
46.265000 41.504000 -12.274000
43.503000 39.103000 -11.208000
42.424000 38.619000 -7.618000
43.587000 35.147000 -6.483000
43.274000 35.527000 -2.746000
40.435000 37.105000 -0.714000
10000.000000 10000.000000 10000.000000
10000.000000 10000.000000 10000.000000
39.792000 37.092000 3.029000
37.150000 38.912000 5.097000
37.903000 39.813000 8.758000
34.852000 39.974000 10.968000
33.462000 38.252000 14.020000
30.424000 38.257000 16.239000
31.348000 41.617000 17.715000
31.212000 43.117000 14.205000
27.631000 41.899000 13.568000
24.525000 44.039000 14.309000
20.765000 43.800000 13.867000
18.668000 46.572000 12.236000
15.207000 45.741000 13.574000
13.052000 46.874000 11.919000
10000.000000 10000.000000 10000.000000
10000.000000 10000.000000 10000.000000
10000.000000 10000.000000 10000.000000
10000.000000 10000.000000 10000.000000
10000.000000 10000.000000 10000.000000
10000.000000 10000.000000 10000.000000
