Score: 173.660000 0.000000 29.853872
12.232000 22.420000 33.540000
12.721000 19.090000 31.757000
10.278000 16.487000 33.077000
11.799000 13.386000 34.730000
10.207000 11.068000 32.185000
11.893000 13.037000 29.397000
15.242000 13.230000 31.158000
15.211000 9.432000 31.518000
14.007000 8.955000 27.919000
16.895000 11.052000 26.582000
19.435000 9.247000 28.822000
18.008000 5.949000 27.584000
18.381000 7.033000 23.968000
22.057000 7.772000 24.602000
22.549000 4.389000 26.378000
20.732000 2.770000 23.444000
23.220000 4.507000 21.085000
26.145000 3.100000 23.133000
24.553000 -0.376000 23.010000
24.187000 -0.182000 19.258000
27.825000 0.929000 18.861000
28.948000 -1.868000 21.136000
27.334000 -4.580000 19.012000
27.582000 -4.742000 13.875000
24.028000 -3.345000 14.074000
23.971000 -0.276000 11.808000
20.149000 -0.266000 11.805000
20.091000 0.093000 15.610000
22.618000 2.922000 15.377000
20.558000 4.786000 12.777000
10000.000000 10000.000000 10000.000000
17.355000 4.359000 14.827000
18.858000 6.828000 17.295000
18.974000 9.678000 14.758000
16.620000 11.787000 12.720000
16.968000 11.286000 8.948000
18.600000 14.728000 8.728000
20.863000 14.397000 11.822000
24.252000 16.109000 11.997000
26.818000 13.519000 13.107000
29.853000 15.738000 13.728000
32.752000 14.196000 15.615000
35.222000 16.835000 14.411000
35.753000 17.652000 18.096000
37.753000 14.408000 18.489000
39.297000 14.732000 15.068000
36.901000 12.817000 12.788000
10000.000000 10000.000000 10000.000000
10000.000000 10000.000000 10000.000000
35.207000 13.956000 9.543000
31.603000 15.248000 9.920000
28.672000 13.276000 8.452000
25.083000 14.270000 7.835000
22.029000 12.084000 7.521000
21.526000 8.333000 7.712000
23.599000 7.808000 4.547000
26.624000 9.470000 6.153000
26.239000 7.757000 9.527000
25.876000 4.375000 7.773000
29.153000 5.043000 5.902000
30.881000 5.928000 9.146000
29.830000 2.730000 10.917000
30.254000 0.434000 7.962000
33.931000 1.367000 8.320000
34.201000 1.322000 12.116000
32.507000 -2.084000 12.291000
34.720000 -3.467000 9.546000
37.878000 -2.420000 11.401000
37.036000 -3.050000 15.043000
37.022000 -6.249000 17.092000
35.631000 -5.075000 20.450000
33.980000 -1.912000 21.828000
32.740000 -0.582000 25.153000
31.140000 2.882000 25.548000
30.513000 3.709000 29.137000
28.320000 6.807000 29.617000
28.133000 8.688000 32.878000
27.586000 12.192000 34.384000
24.374000 12.735000 32.415000
23.262000 16.391000 32.521000
20.305000 18.179000 30.835000
21.869000 21.268000 29.307000
15.036000 22.110000 27.356000
12.563000 24.005000 25.166000
9.620000 21.551000 25.253000
9.963000 19.656000 21.975000
13.756000 20.084000 21.824000
16.409000 19.480000 24.467000
20.080000 18.837000 24.937000
22.047000 16.472000 27.114000
25.733000 16.085000 27.975000
27.373000 12.832000 29.116000
30.927000 11.710000 29.815000
32.222000 8.713000 27.821000
34.895000 6.118000 28.390000
35.086000 4.940000 24.782000
37.205000 1.796000 24.521000
38.069000 -0.345000 21.547000
40.492000 -2.794000 20.104000
40.916000 -3.144000 16.337000
41.158000 -6.312000 14.337000
10000.000000 10000.000000 10000.000000
10000.000000 10000.000000 10000.000000
10000.000000 10000.000000 10000.000000
10000.000000 10000.000000 10000.000000
10000.000000 10000.000000 10000.000000
10000.000000 10000.000000 10000.000000
44.756000 -5.140000 13.904000
45.220000 -5.401000 17.657000
45.514000 -1.653000 18.327000
43.745000 -0.286000 21.349000
41.989000 3.061000 21.671000
40.443000 4.823000 24.700000
38.540000 8.140000 24.416000
38.007000 10.003000 27.714000
35.565000 12.554000 26.470000
32.069000 13.999000 26.316000
28.983000 13.437000 24.251000
26.678000 16.333000 23.381000
23.283000 15.265000 22.117000
20.673000 17.716000 20.760000
17.304000 15.899000 20.596000
13.795000 16.469000 19.264000
10.476000 14.824000 20.205000
9.206000 12.680000 17.390000
6.130000 10.450000 16.936000
8.591000 7.591000 17.586000
10.077000 9.288000 20.712000
13.140000 11.492000 21.353000
15.689000 11.256000 18.517000
19.066000 12.906000 18.071000
19.258000 15.753000 15.552000
22.883000 16.715000 16.360000
25.717000 14.800000 17.991000
29.118000 16.290000 18.784000
32.030000 15.431000 21.078000
35.179000 16.627000 22.714000
38.019000 15.345000 24.893000
38.544000 15.530000 28.670000
41.938000 13.823000 28.340000
44.448000 13.385000 25.513000
43.494000 10.546000 23.192000
44.978000 7.172000 24.080000
45.611000 5.265000 20.864000
44.527000 6.004000 17.321000
41.177000 6.751000 15.785000
42.605000 5.323000 12.527000
10000.000000 10000.000000 10000.000000
10000.000000 10000.000000 10000.000000
10000.000000 10000.000000 10000.000000
10000.000000 10000.000000 10000.000000
10000.000000 10000.000000 10000.000000
10000.000000 10000.000000 10000.000000
10000.000000 10000.000000 10000.000000
10000.000000 10000.000000 10000.000000
10000.000000 10000.000000 10000.000000
