Score: 108.410000 0.000000 16.886057
10000.000000 10000.000000 10000.000000
10000.000000 10000.000000 10000.000000
29.049000 26.523000 -35.839000
32.312000 26.060000 -33.822000
32.647000 29.712000 -33.022000
31.141000 29.951000 -29.570000
30.573000 33.660000 -30.141000
28.022000 32.803000 -32.870000
26.299000 30.341000 -30.482000
26.148000 33.065000 -27.790000
24.706000 35.624000 -30.271000
22.259000 32.999000 -31.465000
20.920000 32.609000 -27.876000
20.327000 36.367000 -27.483000
18.614000 36.556000 -30.892000
16.365000 33.595000 -29.895000
15.106000 35.727000 -26.955000
14.533000 38.859000 -29.048000
12.606000 36.931000 -31.716000
10.627000 34.987000 -29.066000
9.812000 38.333000 -27.450000
8.773000 39.888000 -30.782000
6.475000 36.894000 -31.427000
5.040000 37.372000 -27.892000
5.912000 33.691000 -27.255000
6.028000 33.498000 -23.439000
7.055000 29.824000 -23.025000
9.854000 30.343000 -25.592000
10.876000 33.532000 -23.702000
10.839000 31.753000 -20.289000
10000.000000 10000.000000 10000.000000
12.911000 28.866000 -21.671000
15.831000 31.139000 -22.684000
16.460000 31.952000 -19.002000
18.293000 30.012000 -16.315000
16.084000 28.706000 -13.488000
17.251000 31.549000 -11.257000
17.118000 34.123000 -14.087000
16.588000 37.813000 -13.317000
14.708000 40.353000 -15.464000
15.237000 44.033000 -14.736000
12.928000 46.221000 -16.809000
11.274000 49.618000 -16.415000
8.290000 50.242000 -14.122000
10000.000000 10000.000000 10000.000000
10000.000000 10000.000000 10000.000000
10000.000000 10000.000000 10000.000000
10000.000000 10000.000000 10000.000000
8.756000 46.927000 -12.275000
11.020000 45.512000 -9.556000
13.464000 42.706000 -10.494000
11.685000 39.413000 -11.394000
13.784000 36.561000 -9.928000
13.170000 32.969000 -11.071000
10.997000 31.543000 -13.836000
7.806000 31.824000 -11.772000
8.334000 35.589000 -11.349000
9.572000 35.979000 -14.955000
6.356000 34.303000 -16.219000
4.144000 36.644000 -14.206000
5.921000 39.750000 -15.576000
5.979000 38.744000 -19.239000
2.315000 37.708000 -18.935000
1.526000 41.168000 -17.619000
3.685000 42.979000 -20.215000
1.978000 41.181000 -23.140000
-1.482000 41.633000 -21.506000
-0.856000 45.398000 -21.451000
1.188000 46.177000 -24.572000
1.703000 45.035000 -28.165000
5.300000 45.412000 -29.339000
6.308000 45.570000 -32.996000
10.100000 45.703000 -32.866000
13.261000 45.221000 -34.871000
16.491000 44.276000 -33.071000
20.174000 45.053000 -33.583000
23.045000 43.226000 -31.860000
25.647000 45.782000 -30.718000
28.234000 43.470000 -29.144000
28.891000 39.845000 -28.277000
31.649000 39.098000 -25.753000
32.773000 35.791000 -24.187000
34.424000 36.527000 -20.860000
35.178000 32.931000 -19.816000
34.340000 29.353000 -20.844000
30.853000 29.457000 -19.378000
30.128000 33.211000 -19.305000
29.370000 35.872000 -21.891000
27.510000 39.094000 -22.478000
25.495000 40.565000 -25.337000
24.341000 44.140000 -25.801000
21.461000 44.873000 -28.159000
18.911000 47.520000 -29.094000
15.367000 47.375000 -30.336000
13.115000 49.938000 -31.943000
9.623000 50.113000 -33.342000
6.165000 50.786000 -31.978000
4.313000 49.911000 -28.826000
0.485000 49.692000 -28.800000
-1.423000 50.028000 -25.538000
-4.082000 47.311000 -25.613000
10000.000000 10000.000000 10000.000000
10000.000000 10000.000000 10000.000000
10000.000000 10000.000000 10000.000000
10000.000000 10000.000000 10000.000000
10000.000000 10000.000000 10000.000000
-6.530000 49.229000 -23.387000
-6.444000 52.605000 -25.138000
-5.327000 51.420000 -28.614000
-2.716000 54.233000 -28.697000
0.353000 53.362000 -30.813000
3.599000 55.111000 -29.888000
7.265000 54.900000 -30.938000
9.481000 52.788000 -28.653000
13.217000 52.192000 -28.518000
15.039000 50.090000 -25.857000
18.568000 48.960000 -25.067000
19.391000 45.592000 -23.568000
22.220000 43.815000 -21.699000
22.282000 39.996000 -21.515000
24.522000 38.056000 -19.165000
24.529000 34.520000 -20.491000
25.782000 31.389000 -18.798000
26.561000 28.098000 -20.573000
24.692000 25.203000 -18.940000
24.550000 20.417000 -21.230000
26.239000 23.157000 -23.356000
23.291000 25.564000 -23.898000
23.750000 29.308000 -23.538000
21.029000 30.722000 -21.288000
20.302000 34.220000 -19.986000
21.283000 34.471000 -16.319000
20.716000 38.225000 -15.891000
18.901000 40.632000 -18.198000
18.440000 44.427000 -18.052000
16.357000 46.515000 -20.452000
16.076000 50.334000 -20.372000
10000.000000 10000.000000 10000.000000
10000.000000 10000.000000 10000.000000
10000.000000 10000.000000 10000.000000
10000.000000 10000.000000 10000.000000
10000.000000 10000.000000 10000.000000
10000.000000 10000.000000 10000.000000
10000.000000 10000.000000 10000.000000
10000.000000 10000.000000 10000.000000
10000.000000 10000.000000 10000.000000
10000.000000 10000.000000 10000.000000
10000.000000 10000.000000 10000.000000
10000.000000 10000.000000 10000.000000
10000.000000 10000.000000 10000.000000
10000.000000 10000.000000 10000.000000
10000.000000 10000.000000 10000.000000
10000.000000 10000.000000 10000.000000
10000.000000 10000.000000 10000.000000
10000.000000 10000.000000 10000.000000
10000.000000 10000.000000 10000.000000
