Score: 27.900000 2.500000 -0.397940
10000.000000 10000.000000 10000.000000
10000.000000 10000.000000 10000.000000
10000.000000 10000.000000 10000.000000
10000.000000 10000.000000 10000.000000
10000.000000 10000.000000 10000.000000
10000.000000 10000.000000 10000.000000
10000.000000 10000.000000 10000.000000
10000.000000 10000.000000 10000.000000
10000.000000 10000.000000 10000.000000
10000.000000 10000.000000 10000.000000
10000.000000 10000.000000 10000.000000
10000.000000 10000.000000 10000.000000
10000.000000 10000.000000 10000.000000
10000.000000 10000.000000 10000.000000
10000.000000 10000.000000 10000.000000
10000.000000 10000.000000 10000.000000
10000.000000 10000.000000 10000.000000
10000.000000 10000.000000 10000.000000
10000.000000 10000.000000 10000.000000
10000.000000 10000.000000 10000.000000
10000.000000 10000.000000 10000.000000
10000.000000 10000.000000 10000.000000
-3.823000 0.821000 -11.450000
-3.312000 -2.973000 -11.312000
0.274000 -2.547000 -10.160000
-0.581000 -2.272000 -6.405000
3.028000 -3.191000 -5.707000
4.257000 0.242000 -6.848000
1.858000 2.329000 -4.729000
-0.401000 0.497000 -2.276000
-0.028000 -0.080000 1.519000
2.602000 -2.831000 1.209000
3.977000 -1.560000 -2.098000
7.389000 0.015000 -2.679000
6.166000 3.656000 -2.636000
7.665000 4.184000 -6.097000
4.940000 6.818000 -6.793000
6.182000 8.958000 -3.847000
9.620000 9.154000 -5.503000
8.368000 9.928000 -9.051000
6.573000 12.839000 -7.250000
10.040000 14.206000 -6.372000
11.259000 13.855000 -9.968000
10000.000000 10000.000000 10000.000000
13.476000 10.794000 -9.583000
12.831000 7.953000 -12.056000
16.353000 6.495000 -12.273000
17.574000 8.805000 -15.084000
21.068000 7.894000 -16.351000
21.064000 4.621000 -14.379000
21.717000 1.288000 -16.078000
20.435000 -1.984000 -14.628000
21.568000 -5.323000 -16.000000
19.154000 -8.238000 -15.947000
20.870000 -11.624000 -15.859000
17.924000 -13.819000 -16.943000
16.222000 -15.485000 -19.996000
16.898000 -12.522000 -22.263000
14.562000 -9.929000 -23.692000
11.443000 -9.770000 -25.897000
10.957000 -7.193000 -28.691000
8.005000 -5.711000 -26.806000
6.441000 -2.326000 -27.540000
6.393000 -1.655000 -23.772000
10.118000 -2.492000 -23.343000
11.948000 -1.619000 -26.627000
12.726000 2.028000 -25.838000
14.192000 1.264000 -22.406000
16.380000 -1.651000 -23.534000
20.091000 -1.164000 -24.291000
22.385000 -3.472000 -26.232000
23.057000 -6.622000 -24.251000
24.698000 -9.986000 -24.818000
23.755000 -13.644000 -24.937000
25.990000 -15.698000 -22.684000
24.333000 -19.051000 -23.249000
27.053000 -21.471000 -24.481000
24.994000 -24.665000 -24.993000
22.942000 -24.258000 -28.195000
20.344000 -26.741000 -26.895000
19.608000 -24.342000 -24.047000
19.889000 -21.198000 -26.187000
17.531000 -22.414000 -28.950000
18.945000 -19.868000 -31.429000
21.385000 -22.163000 -33.243000
24.728000 -21.086000 -31.725000
26.641000 -20.412000 -28.483000
27.508000 -16.935000 -27.217000
26.339000 -14.173000 -29.540000
25.438000 -10.489000 -29.420000
10000.000000 10000.000000 10000.000000
10000.000000 10000.000000 10000.000000
10000.000000 10000.000000 10000.000000
10000.000000 10000.000000 10000.000000
10000.000000 10000.000000 10000.000000
10000.000000 10000.000000 10000.000000
10000.000000 10000.000000 10000.000000
10000.000000 10000.000000 10000.000000
10000.000000 10000.000000 10000.000000
10000.000000 10000.000000 10000.000000
21.643000 -10.906000 -29.583000
20.004000 -11.380000 -26.110000
16.563000 -12.093000 -27.651000
14.540000 -14.472000 -25.530000
13.820000 -17.268000 -28.008000
11.430000 -18.798000 -25.460000
12.471000 -21.458000 -22.963000
9.411000 -23.666000 -23.604000
9.843000 -27.394000 -23.525000
7.850000 -30.577000 -24.336000
8.078000 -34.208000 -23.309000
10.377000 -33.986000 -20.216000
13.149000 -32.206000 -22.194000
14.420000 -30.617000 -18.951000
12.359000 -32.805000 -16.680000
12.473000 -35.760000 -14.330000
10.357000 -38.263000 -16.288000
7.801000 -39.548000 -15.475000
6.781000 -36.602000 -13.217000
3.664000 -35.013000 -14.859000
4.463000 -31.601000 -13.310000
7.874000 -31.743000 -15.078000
6.536000 -32.895000 -18.505000
6.106000 -29.474000 -20.142000
6.243000 -25.720000 -19.606000
5.184000 -22.960000 -21.887000
7.891000 -20.321000 -22.300000
8.237000 -18.212000 -19.153000
9.257000 -14.845000 -20.716000
10.818000 -14.526000 -17.251000
13.567000 -11.996000 -18.131000
11.088000 -9.692000 -19.831000
8.692000 -9.911000 -16.868000
11.639000 -8.974000 -14.649000
12.888000 -6.226000 -17.037000
9.405000 -4.690000 -17.101000
9.317000 -4.423000 -13.318000
12.509000 -2.356000 -13.448000
12.020000 -0.164000 -16.517000
8.925000 -0.831000 -18.636000
8.222000 2.093000 -20.967000
6.067000 4.336000 -18.784000
3.885000 7.307000 -19.889000
3.452000 5.875000 -23.385000
-0.214000 5.001000 -22.629000
-0.045000 1.240000 -23.456000
0.499000 -1.457000 -20.857000
2.394000 -0.877000 -17.605000
4.903000 1.203000 -15.606000
8.384000 0.332000 -14.288000
9.765000 1.166000 -10.818000
12.640000 3.101000 -12.430000
10000.000000 10000.000000 10000.000000
10000.000000 10000.000000 10000.000000
10000.000000 10000.000000 10000.000000
10000.000000 10000.000000 10000.000000
