Score: 185.790000 0.000000 32.259637
10000.000000 10000.000000 10000.000000
10000.000000 10000.000000 10000.000000
23.671000 23.923000 48.495000
20.271000 25.588000 48.929000
16.929000 24.019000 50.010000
15.326000 21.837000 47.312000
12.190000 24.035000 47.424000
14.278000 27.104000 46.580000
16.092000 25.325000 43.750000
12.703000 24.216000 42.362000
11.231000 27.735000 42.661000
14.382000 29.023000 40.962000
13.581000 26.785000 37.971000
10.091000 28.329000 37.823000
11.648000 31.808000 37.899000
14.052000 30.915000 35.100000
11.049000 29.638000 33.142000
9.297000 32.979000 33.377000
12.458000 34.851000 32.446000
12.890000 32.695000 29.314000
9.178000 33.018000 28.499000
9.239000 36.813000 28.598000
12.557000 36.992000 26.698000
11.155000 34.573000 24.097000
14.483000 32.707000 24.509000
14.020000 29.162000 23.185000
17.427000 27.927000 24.302000
17.127000 29.224000 27.855000
13.657000 27.658000 27.990000
14.741000 24.273000 26.606000
10000.000000 10000.000000 10000.000000
17.708000 24.034000 29.001000
15.284000 23.791000 31.946000
13.818000 20.507000 30.642000
15.055000 16.940000 30.488000
15.891000 16.039000 26.860000
12.789000 13.918000 26.444000
10.313000 16.051000 28.459000
6.833000 16.859000 27.217000
4.678000 19.958000 27.655000
0.909000 19.309000 27.429000
-0.961000 22.557000 26.715000
-4.672000 22.319000 27.420000
-7.903000 24.246000 27.403000
-9.236000 24.262000 30.946000
-12.156000 26.686000 30.429000
-15.034000 25.377000 32.573000
-12.714000 22.692000 33.988000
-12.298000 20.999000 30.607000
-0.787000 21.205000 21.764000
1.572000 18.453000 22.905000
5.239000 19.400000 22.701000
7.503000 16.377000 22.814000
11.172000 17.090000 23.468000
13.385000 20.162000 23.528000
13.258000 20.984000 19.823000
9.468000 21.067000 19.888000
9.613000 23.356000 22.927000
12.114000 25.664000 21.172000
9.916000 26.025000 18.104000
6.793000 26.655000 20.192000
8.455000 29.593000 21.995000
8.441000 31.326000 18.603000
5.354000 29.903000 16.899000
2.806000 29.702000 19.828000
3.080000 33.156000 21.314000
7.478000 43.987000 18.411000
9.335000 47.235000 18.982000
9.495000 48.298000 22.680000
7.210000 45.390000 23.679000
7.698000 42.960000 26.517000
5.696000 40.705000 28.811000
5.543000 39.589000 32.385000
4.591000 36.036000 33.360000
3.289000 36.524000 36.916000
3.523000 33.070000 38.487000
1.992000 32.975000 41.939000
0.518000 30.852000 44.757000
2.912000 27.897000 44.324000
2.168000 24.536000 45.949000
5.186000 22.168000 46.140000
5.272000 18.510000 47.137000
8.689000 16.786000 47.185000
8.870000 13.006000 47.566000
12.482000 11.877000 47.383000
14.041000 12.667000 44.012000
10.764000 13.787000 42.366000
8.645000 16.864000 42.970000
5.400000 18.373000 41.749000
4.912000 22.132000 41.603000
1.552000 23.779000 40.834000
1.485000 27.536000 40.214000
-1.141000 30.011000 39.133000
-0.024000 32.193000 36.236000
-1.110000 35.398000 34.579000
0.686000 36.889000 31.579000
0.647000 40.636000 30.954000
1.636000 42.349000 27.729000
3.830000 45.443000 28.146000
4.012000 48.091000 25.435000
6.376000 50.963000 26.007000
5.453000 54.323000 24.472000
8.057000 55.856000 22.186000
10.066000 58.540000 23.955000
9.541000 61.851000 22.084000
12.753000 63.373000 20.675000
4.198000 55.819000 29.510000
2.646000 52.885000 27.712000
0.150000 50.093000 28.248000
0.087000 46.978000 30.481000
-2.719000 44.460000 29.815000
-3.489000 41.016000 31.289000
-3.561000 38.615000 28.242000
-3.485000 34.991000 29.602000
-4.392000 33.215000 32.838000
-4.315000 29.666000 34.120000
-2.178000 27.136000 35.988000
1.155000 25.401000 35.494000
1.841000 21.925000 36.831000
5.494000 20.870000 36.676000
6.982000 17.483000 37.456000
10.647000 17.810000 38.369000
13.404000 15.307000 39.049000
16.883000 15.604000 40.447000
20.033000 15.966000 38.439000
23.582000 16.179000 39.807000
23.502000 19.955000 40.198000
19.817000 20.569000 41.039000
16.456000 19.884000 39.471000
15.074000 19.683000 35.911000
11.564000 19.666000 34.505000
10.580000 16.159000 33.374000
6.967000 17.000000 32.407000
4.779000 20.103000 32.335000
1.064000 20.848000 31.960000
-0.207000 24.300000 30.983000
-3.921000 24.904000 31.672000
-5.454000 27.981000 30.046000
-8.601000 29.594000 31.456000
-9.271000 31.636000 28.275000
-9.719000 30.141000 24.783000
-6.583000 30.534000 22.674000
-6.695000 31.442000 18.982000
10000.000000 10000.000000 10000.000000
10000.000000 10000.000000 10000.000000
10000.000000 10000.000000 10000.000000
10000.000000 10000.000000 10000.000000
10000.000000 10000.000000 10000.000000
10000.000000 10000.000000 10000.000000
10000.000000 10000.000000 10000.000000
10000.000000 10000.000000 10000.000000
10000.000000 10000.000000 10000.000000
10000.000000 10000.000000 10000.000000
10000.000000 10000.000000 10000.000000
10000.000000 10000.000000 10000.000000
10000.000000 10000.000000 10000.000000
