Score: 96.710000 0.000000 14.585027
10000.000000 10000.000000 10000.000000
25.650000 17.016000 9.940000
23.644000 20.248000 9.700000
26.536000 22.782000 9.293000
30.071000 23.828000 10.318000
33.497000 22.189000 10.416000
31.957000 18.805000 11.282000
29.786000 18.960000 8.115000
32.861000 19.840000 5.983000
34.757000 16.867000 7.460000
31.745000 14.509000 6.881000
31.524000 15.641000 3.233000
35.035000 14.289000 2.599000
33.678000 10.752000 2.736000
31.217000 11.592000 -0.040000
34.175000 12.765000 -2.180000
36.022000 9.466000 -1.389000
32.918000 7.379000 -2.206000
32.637000 9.224000 -5.529000
36.340000 8.458000 -6.275000
35.506000 4.766000 -5.720000
32.749000 5.100000 -8.342000
35.277000 6.199000 -11.010000
36.809000 2.703000 -10.822000
40.178000 4.444000 -11.105000
42.594000 3.573000 -8.287000
44.710000 6.708000 -9.019000
41.728000 8.934000 -8.252000
41.175000 7.156000 -4.930000
44.894000 7.332000 -3.984000
10000.000000 10000.000000 10000.000000
44.865000 11.094000 -4.769000
42.778000 11.547000 -1.592000
45.562000 10.044000 0.628000
48.552000 12.029000 1.834000
51.886000 10.776000 0.391000
52.642000 9.518000 3.930000
49.122000 8.236000 4.494000
48.639000 4.822000 6.106000
45.799000 2.446000 5.098000
44.850000 -0.583000 7.256000
42.274000 -2.009000 4.876000
39.223000 -4.230000 5.235000
10000.000000 10000.000000 10000.000000
10000.000000 10000.000000 10000.000000
10000.000000 10000.000000 10000.000000
40.405000 -7.297000 3.320000
44.229000 -7.357000 3.406000
46.741000 -8.074000 6.142000
49.289000 -5.854000 4.387000
49.321000 -2.333000 5.836000
49.744000 0.148000 2.983000
52.143000 3.030000 3.672000
53.037000 4.252000 0.173000
50.961000 5.572000 -2.724000
51.959000 2.482000 -4.717000
50.752000 0.143000 -1.985000
47.470000 2.098000 -1.596000
46.894000 1.963000 -5.371000
47.565000 -1.758000 -5.302000
44.772000 -2.273000 -2.765000
42.218000 -0.257000 -4.730000
43.161000 -2.020000 -7.979000
41.531000 -5.100000 -6.397000
38.863000 -3.394000 -4.260000
37.387000 -1.305000 -7.079000
36.692000 -4.370000 -9.256000
33.762000 -5.027000 -6.809000
32.121000 -1.700000 -7.799000
31.915000 -0.677000 -4.106000
10000.000000 10000.000000 10000.000000
10000.000000 10000.000000 10000.000000
29.379000 1.917000 -2.937000
29.540000 3.049000 0.746000
26.924000 4.548000 3.085000
27.566000 5.863000 6.603000
25.438000 4.241000 9.308000
26.905000 5.924000 12.277000
29.398000 8.796000 12.521000
31.572000 10.614000 15.083000
33.542000 13.743000 14.140000
36.322000 15.055000 16.356000
38.219000 18.243000 15.470000
41.864000 18.401000 16.523000
43.657000 21.443000 15.015000
43.777000 21.556000 10.197000
43.180000 18.012000 11.479000
40.077000 15.880000 12.114000
38.844000 12.351000 12.741000
35.711000 10.840000 11.188000
35.042000 7.414000 12.724000
32.085000 5.074000 12.864000
30.339000 2.322000 10.898000
29.648000 2.129000 7.240000
28.218000 -0.425000 4.820000
29.474000 -1.248000 1.356000
27.374000 -2.731000 -1.379000
29.622000 -4.845000 -3.551000
28.842000 -6.295000 -6.978000
10000.000000 10000.000000 10000.000000
10000.000000 10000.000000 10000.000000
10000.000000 10000.000000 10000.000000
10000.000000 10000.000000 10000.000000
30.358000 -9.574000 -8.144000
31.558000 -10.791000 -11.589000
28.058000 -12.085000 -12.495000
26.090000 -9.011000 -11.176000
10000.000000 10000.000000 10000.000000
10000.000000 10000.000000 10000.000000
25.391000 -10.485000 -7.743000
25.315000 -7.932000 -4.898000
26.163000 -8.254000 -1.260000
26.536000 -5.819000 1.654000
29.394000 -5.706000 4.096000
29.260000 -3.633000 7.291000
32.609000 -2.396000 8.703000
34.039000 0.032000 11.252000
36.098000 2.983000 10.003000
38.498000 5.663000 11.022000
39.547000 8.444000 8.646000
42.165000 10.868000 10.062000
42.424000 13.931000 7.876000
45.123000 16.615000 7.841000
44.692000 19.895000 5.906000
47.863000 20.895000 4.003000
48.033000 23.826000 1.586000
44.360000 24.306000 2.362000
43.439000 20.843000 1.093000
42.322000 17.893000 3.243000
44.173000 14.595000 2.740000
43.837000 11.209000 4.502000
46.728000 10.468000 6.910000
45.141000 7.303000 8.368000
42.308000 5.086000 7.111000
41.564000 1.964000 9.146000
38.617000 -0.151000 7.879000
37.613000 -3.412000 9.547000
34.925000 -6.081000 9.392000
10000.000000 10000.000000 10000.000000
10000.000000 10000.000000 10000.000000
10000.000000 10000.000000 10000.000000
10000.000000 10000.000000 10000.000000
10000.000000 10000.000000 10000.000000
10000.000000 10000.000000 10000.000000
10000.000000 10000.000000 10000.000000
10000.000000 10000.000000 10000.000000
10000.000000 10000.000000 10000.000000
10000.000000 10000.000000 10000.000000
10000.000000 10000.000000 10000.000000
10000.000000 10000.000000 10000.000000
10000.000000 10000.000000 10000.000000
10000.000000 10000.000000 10000.000000
10000.000000 10000.000000 10000.000000
10000.000000 10000.000000 10000.000000
10000.000000 10000.000000 10000.000000
10000.000000 10000.000000 10000.000000
