Score: 160.800000 0.000000 27.301030
10000.000000 10000.000000 10000.000000
10000.000000 10000.000000 10000.000000
118.968000 60.832000 68.396000
115.941000 63.214000 68.383000
113.194000 63.175000 71.079000
115.960000 61.817000 73.298000
117.430000 65.259000 72.670000
114.105000 66.830000 73.743000
114.196000 64.625000 76.841000
117.804000 65.016000 77.886000
117.624000 68.770000 77.267000
114.532000 69.097000 79.471000
116.233000 66.924000 82.100000
119.186000 69.354000 82.217000
116.741000 72.257000 82.646000
114.829000 70.460000 85.401000
118.105000 69.586000 87.113000
119.076000 73.286000 86.949000
115.595000 74.280000 88.184000
116.087000 72.090000 91.251000
119.596000 73.430000 91.918000
118.649000 77.141000 91.688000
115.694000 76.420000 93.982000
117.917000 74.958000 96.675000
116.357000 71.506000 96.384000
119.620000 69.582000 96.619000
118.050000 66.523000 98.282000
115.558000 66.267000 95.445000
118.515000 66.609000 93.019000
120.169000 63.646000 94.728000
10000.000000 10000.000000 10000.000000
117.323000 61.451000 93.482000
119.010000 61.953000 90.129000
122.624000 60.680000 90.211000
123.673000 57.038000 90.250000
125.227000 54.810000 92.960000
128.452000 54.860000 90.905000
128.294000 58.644000 90.392000
131.481000 60.550000 89.712000
131.197000 64.319000 90.078000
134.588000 65.930000 89.426000
135.748000 69.545000 88.947000
139.339000 69.479000 87.565000
142.065000 72.056000 88.314000
143.398000 74.043000 85.378000
146.763000 75.821000 84.941000
148.050000 78.172000 82.250000
150.266000 76.229000 79.918000
151.392000 76.805000 76.338000
152.110000 71.259000 76.002000
150.037000 68.067000 76.126000
135.821000 64.818000 93.328000
132.685000 63.156000 94.687000
131.157000 59.737000 94.525000
127.563000 59.076000 95.642000
128.377000 58.732000 99.372000
130.496000 61.868000 99.445000
127.857000 63.754000 97.450000
125.210000 62.535000 99.916000
127.316000 64.018000 102.710000
127.436000 67.300000 100.808000
123.660000 67.481000 100.705000
125.666000 75.252000 107.078000
126.892000 78.859000 107.290000
128.325000 78.916000 103.791000
124.777000 78.641000 102.460000
122.387000 79.151000 105.432000
121.353000 82.491000 104.370000
121.372000 80.832000 100.907000
122.999000 82.110000 97.737000
121.042000 83.263000 94.745000
122.284000 81.145000 91.889000
121.213000 80.781000 88.289000
122.552000 77.868000 86.270000
122.556000 78.946000 82.628000
122.536000 75.684000 80.672000
123.291000 76.427000 77.026000
124.912000 74.697000 74.010000
123.489000 71.240000 74.819000
125.066000 68.523000 72.640000
123.634000 64.984000 72.971000
125.641000 62.042000 71.598000
129.903000 53.839000 75.399000
127.020000 51.476000 76.144000
123.383000 51.306000 75.082000
120.978000 53.571000 76.999000
123.896000 55.863000 77.974000
124.452000 59.289000 76.432000
127.386000 61.697000 76.590000
125.666000 64.986000 77.388000
127.776000 68.154000 76.992000
126.521000 71.585000 78.145000
127.874000 75.075000 78.654000
127.333000 76.440000 82.132000
127.371000 80.056000 83.272000
126.712000 79.989000 87.025000
125.676000 83.361000 88.441000
126.164000 83.667000 92.195000
125.078000 86.404000 94.569000
125.420000 86.599000 98.379000
10000.000000 10000.000000 10000.000000
10000.000000 10000.000000 10000.000000
10000.000000 10000.000000 10000.000000
10000.000000 10000.000000 10000.000000
10000.000000 10000.000000 10000.000000
123.215000 88.872000 100.406000
122.787000 92.601000 99.968000
126.374000 93.496000 98.948000
126.591000 94.920000 95.392000
128.834000 92.268000 93.837000
128.264000 89.053000 91.840000
130.239000 85.959000 90.889000
130.265000 84.220000 87.512000
131.615000 80.705000 86.921000
131.866000 79.613000 83.303000
132.598000 76.017000 82.405000
131.622000 73.048000 80.316000
129.971000 70.019000 81.831000
130.526000 66.674000 80.129000
127.927000 64.279000 81.575000
126.971000 60.608000 81.148000
123.203000 60.149000 81.461000
121.949000 56.594000 82.049000
118.364000 55.524000 81.386000
116.278000 54.715000 84.429000
112.618000 54.114000 83.710000
110.991000 56.866000 81.681000
113.693000 59.387000 82.581000
117.448000 59.524000 83.138000
119.990000 59.273000 85.949000
123.448000 60.904000 86.055000
126.326000 58.433000 86.054000
129.120000 61.007000 85.802000
129.843000 64.744000 85.421000
133.023000 66.675000 84.648000
132.689000 70.433000 85.215000
135.656000 71.944000 83.422000
135.705000 75.662000 84.328000
137.272000 78.370000 82.121000
139.489000 79.591000 84.867000
142.655000 78.599000 86.550000
142.257000 80.893000 89.630000
10000.000000 10000.000000 10000.000000
10000.000000 10000.000000 10000.000000
10000.000000 10000.000000 10000.000000
10000.000000 10000.000000 10000.000000
10000.000000 10000.000000 10000.000000
10000.000000 10000.000000 10000.000000
10000.000000 10000.000000 10000.000000
10000.000000 10000.000000 10000.000000
10000.000000 10000.000000 10000.000000
10000.000000 10000.000000 10000.000000
10000.000000 10000.000000 10000.000000
10000.000000 10000.000000 10000.000000
10000.000000 10000.000000 10000.000000
10000.000000 10000.000000 10000.000000
