Score: 80.200000 0.000000 15.397940
10000.000000 10000.000000 10000.000000
-22.556000 15.317000 -16.589000
-21.952000 17.911000 -13.946000
-25.355000 17.226000 -12.400000
-24.849000 13.482000 -12.595000
-21.444000 13.661000 -10.933000
-22.847000 15.843000 -8.089000
-25.307000 13.032000 -7.418000
-22.564000 10.434000 -7.533000
-20.353000 12.416000 -5.095000
-23.218000 12.929000 -2.663000
-24.117000 9.236000 -2.938000
-20.549000 8.303000 -2.069000
-20.518000 10.603000 0.936000
-23.747000 9.066000 2.135000
-22.443000 5.512000 1.605000
-19.479000 6.594000 3.716000
-21.690000 7.706000 6.583000
-23.864000 4.602000 6.300000
-20.857000 2.317000 6.541000
-19.534000 4.326000 9.473000
-22.837000 3.953000 11.390000
-22.845000 0.259000 10.447000
-19.268000 -0.309000 11.761000
-17.906000 -1.337000 8.383000
-14.271000 -0.091000 8.533000
-13.165000 -1.974000 5.413000
-15.977000 -0.506000 3.306000
-14.855000 2.915000 4.670000
-11.238000 2.460000 3.723000
10000.000000 10000.000000 10000.000000
-12.316000 1.441000 0.212000
-13.785000 4.914000 -0.317000
-10.331000 6.478000 -0.130000
-7.579000 6.541000 -2.706000
-4.244000 5.065000 -1.733000
-2.518000 8.404000 -1.280000
-5.264000 9.891000 0.864000
-5.152000 12.364000 3.693000
-7.474000 12.882000 6.632000
-7.202000 15.738000 9.124000
-9.324000 15.780000 12.265000
-7.147000 18.129000 14.329000
-3.674000 19.608000 14.129000
-2.384000 16.530000 16.010000
-4.852000 13.987000 14.702000
-4.769000 12.726000 11.135000
-3.622000 10.077000 8.722000
-2.062000 9.551000 5.341000
-2.892000 6.400000 3.430000
10000.000000 10000.000000 10000.000000
10000.000000 10000.000000 10000.000000
10000.000000 10000.000000 10000.000000
10000.000000 10000.000000 10000.000000
-5.566000 3.787000 4.051000
-3.890000 1.890000 6.867000
-3.269000 4.959000 8.887000
-6.865000 5.962000 8.155000
-8.079000 2.586000 9.499000
-6.160000 2.997000 12.724000
-8.061000 6.229000 13.339000
-11.210000 4.113000 13.424000
-9.947000 1.944000 16.250000
-12.602000 1.755000 18.943000
-15.555000 2.219000 16.593000
-17.004000 -1.162000 17.382000
-16.055000 -1.189000 21.076000
-16.300000 2.383000 22.381000
-19.729000 3.088000 20.882000
-22.979000 1.152000 20.921000
-23.971000 3.196000 17.894000
-23.485000 6.413000 15.958000
-25.727000 8.432000 13.670000
-24.383000 10.727000 10.959000
-26.472000 13.357000 9.214000
-24.779000 15.057000 6.270000
-26.233000 18.168000 4.738000
-25.448000 21.544000 3.140000
-23.263000 19.873000 0.485000
-21.515000 22.353000 -1.829000
-19.591000 20.969000 -4.811000
-17.140000 22.828000 -7.051000
-15.451000 20.868000 -9.786000
-11.724000 21.423000 -10.287000
-11.883000 19.153000 -13.300000
-13.896000 16.269000 -14.682000
-12.285000 13.905000 -12.178000
-13.961000 18.214000 -6.983000
-13.821000 20.272000 -3.855000
-16.692000 19.826000 -1.387000
-17.809000 21.714000 1.670000
-20.505000 20.256000 3.855000
-22.070000 20.148000 7.307000
-22.195000 17.138000 9.625000
-24.168000 16.319000 12.721000
-22.730000 13.222000 14.393000
-24.233000 11.618000 17.471000
-22.358000 9.052000 19.520000
-23.926000 6.575000 21.952000
-21.129000 5.376000 24.160000
-20.637000 1.896000 25.546000
-19.685000 3.441000 28.847000
-22.442000 5.254000 30.714000
-22.150000 8.951000 29.806000
-24.293000 11.373000 27.784000
-24.372000 11.107000 24.007000
-21.483000 12.846000 22.373000
10000.000000 10000.000000 10000.000000
10000.000000 10000.000000 10000.000000
10000.000000 10000.000000 10000.000000
10000.000000 10000.000000 10000.000000
10000.000000 10000.000000 10000.000000
-22.496000 15.314000 19.695000
-20.232000 16.760000 17.050000
-21.320000 19.669000 14.877000
-18.826000 20.008000 12.053000
-17.845000 21.055000 8.576000
-16.069000 18.832000 6.061000
-13.714000 20.309000 3.505000
-13.092000 17.459000 1.108000
-11.323000 16.799000 -2.157000
-12.843000 13.926000 -4.112000
-11.399000 12.257000 -7.183000
-12.872000 9.890000 -9.710000
-10.927000 6.703000 -10.290000
-12.057000 3.880000 -12.540000
-15.569000 5.211000 -12.575000
-15.890000 5.702000 -8.814000
-15.622000 8.816000 -6.668000
-13.277000 8.500000 -3.734000
-11.845000 10.750000 -1.074000
-8.380000 12.164000 -1.721000
-8.550000 14.497000 1.289000
-10.969000 15.034000 4.161000
-10.540000 17.901000 6.563000
-12.951000 18.098000 9.475000
-13.446000 21.483000 11.061000
-15.251000 21.324000 14.369000
-17.936000 23.953000 14.864000
-18.909000 22.859000 18.357000
-19.137000 19.668000 20.439000
-21.240000 18.478000 23.361000
-20.189000 15.918000 25.938000
-17.702000 14.688000 23.398000
-14.624000 12.457000 23.572000
-12.217000 14.510000 21.520000
-11.061000 17.954000 22.571000
-8.513000 18.712000 19.826000
-10.051000 20.288000 16.732000
-9.381000 22.131000 13.538000
-11.328000 25.385000 14.025000
-13.883000 26.569000 11.487000
-12.330000 30.037000 11.573000
-15.328000 31.888000 12.893000
-14.754000 35.653000 12.720000
10000.000000 10000.000000 10000.000000
