Score: 106.010000 0.000000 16.420216
10000.000000 10000.000000 10000.000000
10000.000000 10000.000000 10000.000000
-29.881000 101.686000 -37.745000
-29.257000 98.238000 -39.180000
-29.976000 99.188000 -42.777000
-27.506000 102.058000 -42.634000
-24.961000 99.812000 -40.820000
-25.263000 97.168000 -43.533000
-25.114000 99.656000 -46.439000
-21.819000 101.230000 -45.317000
-20.237000 97.848000 -44.497000
-21.273000 96.499000 -47.934000
-19.873000 99.671000 -49.541000
-16.508000 99.055000 -47.828000
-16.524000 95.367000 -48.857000
-17.302000 96.408000 -52.453000
-14.538000 99.035000 -52.333000
-12.137000 96.358000 -51.024000
-13.003000 94.195000 -54.042000
-12.283000 97.034000 -56.498000
-8.834000 97.730000 -55.014000
-7.838000 94.077000 -54.451000
-8.811000 93.258000 -58.067000
-7.043000 96.396000 -59.339000
-10.182000 98.177000 -60.627000
-8.523000 101.568000 -60.193000
-10.787000 103.401000 -62.650000
-13.948000 102.209000 -60.904000
-12.309000 103.079000 -57.583000
-11.318000 106.597000 -58.707000
10000.000000 10000.000000 10000.000000
-14.923000 107.282000 -59.847000
-15.862000 106.984000 -56.141000
-13.683000 109.987000 -55.253000
-15.648000 113.256000 -55.170000
-14.519000 116.542000 -56.771000
-13.613000 117.925000 -53.341000
-11.725000 114.832000 -52.084000
-9.152000 115.399000 -49.388000
-7.169000 112.172000 -49.174000
-4.867000 112.369000 -46.201000
-2.432000 110.155000 -44.294000
-0.527000 112.068000 -41.580000
2.955000 111.196000 -40.328000
3.069000 109.668000 -36.864000
5.896000 110.194000 -34.332000
7.083000 108.723000 -31.025000
6.391000 111.333000 -28.370000
6.523000 111.276000 -24.584000
3.590000 119.553000 -42.303000
-0.472000 111.328000 -48.590000
-2.235000 114.681000 -48.931000
-4.273000 114.576000 -52.093000
-6.869000 116.353000 -54.221000
-9.012000 114.898000 -57.012000
-6.455000 116.176000 -59.553000
-3.396000 114.740000 -57.757000
-5.232000 111.443000 -57.232000
-5.945000 111.398000 -60.988000
-2.218000 111.355000 -61.821000
-1.582000 108.598000 -59.241000
-4.276000 106.547000 -61.010000
-2.616000 107.214000 -64.411000
0.771000 106.018000 -63.050000
-0.638000 102.865000 -61.458000
-2.608000 101.908000 -64.575000
4.007000 96.485000 -63.157000
4.106000 93.584000 -62.417000
1.402000 94.643000 -59.929000
1.246000 93.680000 -56.269000
-1.395000 91.473000 -54.619000
-3.393000 93.092000 -51.816000
-6.102000 92.301000 -49.267000
-8.036000 95.059000 -47.481000
-9.690000 93.353000 -44.519000
-12.386000 95.737000 -43.229000
-14.040000 95.570000 -39.821000
-14.914000 97.744000 -36.803000
-17.352000 99.959000 -38.797000
-18.823000 102.847000 -36.768000
-21.302000 105.109000 -38.588000
-22.075000 108.658000 -37.448000
-23.406000 114.553000 -39.944000
-25.082000 117.965000 -40.220000
-25.724000 117.273000 -43.962000
-27.152000 111.496000 -46.593000
-23.621000 112.414000 -45.547000
-22.002000 110.218000 -42.915000
-18.837000 110.287000 -40.869000
-17.469000 106.756000 -40.735000
-14.802000 105.155000 -38.580000
-13.373000 101.750000 -39.471000
-10.315000 99.566000 -38.786000
-8.346000 97.686000 -41.427000
-5.531000 95.308000 -42.153000
-3.888000 95.684000 -45.566000
-1.825000 92.691000 -46.617000
0.454000 93.477000 -49.583000
2.369000 90.700000 -51.312000
4.720000 91.708000 -54.069000
10000.000000 10000.000000 10000.000000
10000.000000 10000.000000 10000.000000
10000.000000 10000.000000 10000.000000
10000.000000 10000.000000 10000.000000
10000.000000 10000.000000 10000.000000
6.959000 89.927000 -56.590000
8.467000 86.703000 -55.256000
8.688000 87.033000 -51.515000
7.796000 90.513000 -50.358000
5.059000 90.829000 -47.737000
4.175000 94.207000 -46.252000
1.382000 94.152000 -43.684000
10000.000000 10000.000000 10000.000000
-0.344000 97.458000 -42.840000
-2.695000 98.301000 -39.960000
-4.650000 101.448000 -39.080000
-8.040000 103.122000 -39.072000
-9.827000 105.168000 -41.703000
-11.984000 108.178000 -40.861000
-14.144000 108.861000 -43.921000
-16.833000 111.323000 -44.927000
-19.209000 109.420000 -47.237000
-22.114000 110.732000 -49.336000
-25.014000 108.676000 -50.694000
-24.420000 108.327000 -54.432000
-26.113000 106.870000 -57.460000
-23.276000 104.494000 -58.373000
-24.175000 103.372000 -53.127000
-21.766000 106.055000 -51.836000
-18.982000 108.421000 -52.900000
-15.908000 109.509000 -50.893000
-15.704000 113.183000 -49.931000
-12.872000 112.824000 -47.375000
-10.567000 110.032000 -46.232000
-8.080000 110.266000 -43.377000
-5.926000 107.155000 -42.838000
-4.248000 106.832000 -39.431000
-1.552000 104.173000 -39.902000
-0.038000 102.223000 -37.004000
3.554000 103.118000 -37.935000
6.249000 105.739000 -37.306000
8.938000 104.645000 -39.782000
10000.000000 10000.000000 10000.000000
10000.000000 10000.000000 10000.000000
10000.000000 10000.000000 10000.000000
10000.000000 10000.000000 10000.000000
10000.000000 10000.000000 10000.000000
10000.000000 10000.000000 10000.000000
10000.000000 10000.000000 10000.000000
10000.000000 10000.000000 10000.000000
10000.000000 10000.000000 10000.000000
10000.000000 10000.000000 10000.000000
10000.000000 10000.000000 10000.000000
10000.000000 10000.000000 10000.000000
10000.000000 10000.000000 10000.000000
10000.000000 10000.000000 10000.000000
