Score: 184.080000 0.000000 31.920819
9.466000 15.671000 21.498000
12.365000 17.940000 20.459000
11.141000 18.071000 16.845000
7.571000 18.588000 18.106000
8.725000 21.379000 20.445000
10.741000 22.826000 17.531000
7.621000 22.692000 15.295000
5.601000 24.552000 17.941000
8.226000 27.330000 18.375000
8.599000 27.804000 14.610000
4.790000 28.001000 14.326000
4.821000 30.866000 16.871000
7.602000 32.569000 14.890000
5.420000 32.199000 11.792000
2.359000 33.768000 13.535000
4.341000 36.469000 15.424000
5.780000 37.969000 12.257000
2.176000 38.492000 11.130000
0.647000 39.583000 14.487000
3.517000 42.094000 15.060000
3.017000 43.715000 11.620000
-0.807000 43.756000 11.881000
-1.162000 44.818000 15.504000
1.912000 47.095000 15.099000
4.072000 45.536000 17.766000
7.761000 46.452000 17.562000
8.606000 44.290000 20.596000
7.086000 41.265000 18.838000
8.489000 42.191000 15.399000
12.104000 42.569000 16.626000
10000.000000 10000.000000 10000.000000
12.155000 39.431000 18.834000
11.730000 36.897000 15.997000
14.901000 37.552000 13.955000
18.539000 36.633000 14.447000
21.031000 39.472000 14.085000
22.293000 37.933000 10.822000
18.672000 37.379000 9.638000
17.759000 38.441000 6.119000
14.117000 39.425000 5.479000
13.330000 40.023000 1.801000
10.054000 41.116000 0.223000
10.421000 40.866000 -3.581000
9.621000 44.251000 -5.096000
10.915000 46.091000 -1.994000
14.284000 45.125000 -0.474000
10000.000000 10000.000000 10000.000000
10000.000000 10000.000000 10000.000000
10000.000000 10000.000000 10000.000000
10000.000000 10000.000000 10000.000000
16.427000 43.002000 1.845000
16.597000 44.057000 5.496000
18.822000 42.490000 8.162000
18.327000 41.580000 11.831000
15.812000 42.804000 14.467000
16.664000 46.379000 13.459000
16.251000 46.259000 9.689000
13.020000 44.406000 10.440000
11.905000 47.521000 12.409000
13.227000 49.703000 9.609000
11.111000 47.841000 7.046000
8.076000 48.088000 9.371000
8.321000 51.743000 10.473000
9.246000 53.303000 7.134000
7.611000 51.042000 4.506000
4.664000 48.787000 5.522000
3.121000 54.030000 6.468000
1.781000 52.016000 3.474000
-1.423000 50.840000 5.249000
-4.036000 52.455000 7.470000
-4.649000 48.875000 8.708000
-4.055000 45.367000 7.478000
-4.660000 41.711000 8.386000
-2.449000 38.767000 7.415000
-4.029000 35.305000 7.494000
-1.193000 32.760000 7.467000
-1.846000 29.112000 6.513000
-0.286000 25.963000 4.965000
2.983000 26.192000 6.893000
5.058000 23.199000 5.873000
8.441000 22.434000 7.424000
11.352000 20.247000 6.525000
17.644000 20.223000 7.418000
19.347000 19.483000 10.720000
17.967000 19.187000 14.253000
18.850000 22.886000 14.589000
17.904000 24.294000 11.164000
14.685000 23.923000 9.141000
13.219000 25.147000 5.842000
9.631000 26.451000 5.717000
7.041000 27.410000 3.117000
3.764000 29.155000 3.876000
0.898000 30.967000 2.215000
-0.672000 34.239000 3.337000
-3.858000 36.134000 2.582000
-3.513000 39.834000 3.304000
-6.478000 42.216000 3.372000
-5.966000 45.931000 3.994000
-6.502000 49.605000 3.206000
-3.714000 51.410000 1.363000
-3.154000 55.031000 2.433000
10000.000000 10000.000000 10000.000000
10000.000000 10000.000000 10000.000000
10000.000000 10000.000000 10000.000000
10000.000000 10000.000000 10000.000000
-2.477000 55.766000 -1.218000
10000.000000 10000.000000 10000.000000
-6.002000 56.106000 -2.605000
-7.659000 54.849000 0.570000
-7.897000 51.617000 -1.429000
-9.036000 48.215000 -0.154000
-6.647000 45.561000 -1.477000
-6.157000 41.795000 -1.392000
-2.679000 40.240000 -1.405000
-1.747000 36.577000 -1.895000
1.853000 35.733000 -1.072000
4.295000 32.879000 -0.463000
6.911000 32.711000 2.298000
10.121000 30.767000 1.713000
11.712000 30.650000 5.161000
14.740000 29.386000 7.006000
14.802000 28.866000 10.755000
17.844000 28.469000 12.982000
18.152000 27.196000 16.526000
21.024000 28.771000 18.489000
21.521000 27.784000 22.132000
18.026000 26.304000 22.555000
16.218000 29.246000 20.904000
14.550000 29.348000 17.475000
14.351000 32.510000 15.420000
14.059000 33.432000 11.730000
17.392000 32.866000 9.997000
15.760000 34.271000 6.820000
12.440000 35.047000 5.102000
11.521000 35.541000 1.469000
8.131000 37.058000 0.627000
6.916000 36.618000 -2.939000
3.614000 38.230000 -3.848000
1.480000 36.565000 -6.460000
-1.721000 38.613000 -6.278000
-1.875000 42.273000 -5.344000
-5.233000 43.558000 -6.463000
-7.450000 46.531000 -5.571000
-11.071000 45.533000 -4.920000
-13.420000 47.772000 -6.888000
-16.691000 48.889000 -5.278000
10000.000000 10000.000000 10000.000000
10000.000000 10000.000000 10000.000000
10000.000000 10000.000000 10000.000000
10000.000000 10000.000000 10000.000000
10000.000000 10000.000000 10000.000000
10000.000000 10000.000000 10000.000000
10000.000000 10000.000000 10000.000000
10000.000000 10000.000000 10000.000000
10000.000000 10000.000000 10000.000000
10000.000000 10000.000000 10000.000000
