Score: 153.610000 0.000000 25.886057
27.989000 20.270000 37.373000
25.932000 23.339000 38.263000
24.039000 21.324000 40.841000
27.306000 20.169000 42.452000
28.529000 23.755000 42.414000
25.325000 24.951000 44.054000
25.640000 22.379000 46.841000
29.300000 23.133000 47.408000
28.579000 26.897000 47.578000
25.824000 26.396000 50.102000
28.067000 24.136000 52.228000
30.818000 26.771000 52.049000
28.429000 29.470000 53.367000
27.528000 27.317000 56.308000
31.205000 26.360000 56.971000
32.184000 30.055000 57.000000
29.686000 31.050000 59.684000
31.585000 29.706000 62.671000
35.077000 31.010000 61.677000
33.582000 34.446000 60.996000
31.676000 34.467000 64.281000
34.640000 33.274000 66.319000
36.974000 35.899000 64.780000
34.414000 38.649000 65.278000
34.059000 39.476000 61.612000
30.553000 40.828000 61.977000
30.285000 42.465000 58.578000
31.409000 39.451000 56.588000
29.228000 37.158000 58.658000
26.179000 39.321000 57.950000
10000.000000 10000.000000 10000.000000
27.039000 39.211000 54.236000
26.429000 35.479000 54.185000
22.769000 36.575000 54.138000
20.675000 38.555000 51.692000
20.233000 42.159000 52.758000
16.932000 41.519000 54.508000
17.952000 38.098000 55.816000
16.847000 36.814000 59.207000
18.350000 34.837000 62.045000
15.769000 33.488000 64.515000
16.486000 31.652000 67.755000
13.692000 30.384000 70.005000
13.233000 32.820000 72.876000
15.272000 35.613000 71.272000
14.400000 38.647000 69.268000
14.816000 37.847000 65.590000
10000.000000 10000.000000 10000.000000
10000.000000 10000.000000 10000.000000
10000.000000 10000.000000 10000.000000
10000.000000 10000.000000 10000.000000
17.694000 39.642000 63.887000
16.281000 41.084000 60.666000
18.609000 42.574000 58.085000
22.365000 42.580000 57.771000
22.895000 45.380000 60.316000
20.980000 43.442000 62.985000
22.817000 40.189000 62.199000
26.197000 42.016000 62.399000
25.059000 43.571000 65.694000
24.749000 40.015000 67.195000
28.547000 39.527000 66.615000
29.416000 43.020000 67.748000
27.199000 42.625000 70.786000
28.116000 42.402000 74.348000
27.153000 38.765000 74.925000
31.973000 34.653000 74.791000
34.913000 35.356000 72.450000
36.932000 36.635000 75.454000
36.195000 33.427000 77.349000
37.096000 31.365000 74.311000
34.451000 29.885000 72.094000
33.923000 27.745000 69.036000
30.753000 27.915000 66.955000
31.009000 24.403000 65.634000
28.513000 23.607000 62.858000
28.396000 20.044000 61.695000
28.021000 18.704000 58.168000
24.775000 19.789000 56.606000
22.174000 17.967000 54.584000
21.337000 20.162000 51.592000
18.383000 20.116000 49.192000
18.437000 22.393000 46.141000
15.231000 23.217000 44.297000
15.909000 25.523000 41.391000
17.015000 28.880000 42.746000
16.251000 28.040000 46.416000
17.680000 25.561000 48.866000
17.409000 24.367000 52.420000
19.906000 22.829000 54.767000
19.798000 21.180000 58.169000
22.674000 20.785000 60.582000
23.595000 20.651000 64.223000
25.599000 23.325000 66.006000
27.517000 23.235000 69.241000
28.880000 26.267000 70.988000
31.968000 25.212000 72.889000
33.013000 27.557000 75.684000
36.128000 27.688000 77.840000
35.272000 28.130000 81.527000
10000.000000 10000.000000 10000.000000
10000.000000 10000.000000 10000.000000
10000.000000 10000.000000 10000.000000
10000.000000 10000.000000 10000.000000
10000.000000 10000.000000 10000.000000
10000.000000 10000.000000 10000.000000
37.917000 28.123000 84.217000
40.531000 26.608000 81.874000
38.409000 23.666000 80.735000
36.090000 23.247000 77.763000
32.382000 22.439000 77.677000
29.311000 22.477000 75.499000
27.501000 25.745000 76.205000
24.665000 25.159000 73.712000
23.740000 22.185000 71.470000
21.231000 23.110000 68.775000
19.337000 22.219000 65.658000
19.441000 24.540000 62.685000
17.392000 24.948000 59.571000
18.711000 27.288000 56.884000
17.127000 28.552000 53.689000
19.047000 30.016000 50.767000
18.521000 31.638000 47.430000
20.541000 32.141000 44.325000
21.371000 35.807000 43.854000
23.297000 37.458000 41.054000
26.375000 37.441000 43.316000
25.936000 33.758000 44.338000
24.038000 31.767000 46.886000
23.111000 33.625000 50.083000
21.244000 32.712000 53.227000
17.642000 33.924000 53.561000
16.608000 32.634000 56.995000
18.364000 30.627000 59.701000
16.357000 29.186000 62.577000
17.962000 27.623000 65.606000
16.662000 25.943000 68.802000
18.286000 24.024000 71.654000
18.271000 20.227000 71.650000
17.177000 20.311000 75.301000
13.946000 18.387000 74.716000
12.234000 21.381000 73.031000
9.812000 20.566000 70.287000
10000.000000 10000.000000 10000.000000
10000.000000 10000.000000 10000.000000
10000.000000 10000.000000 10000.000000
10000.000000 10000.000000 10000.000000
10000.000000 10000.000000 10000.000000
10000.000000 10000.000000 10000.000000
10000.000000 10000.000000 10000.000000
10000.000000 10000.000000 10000.000000
10000.000000 10000.000000 10000.000000
10000.000000 10000.000000 10000.000000
10000.000000 10000.000000 10000.000000
10000.000000 10000.000000 10000.000000
10000.000000 10000.000000 10000.000000
