Score: 172.690000 0.000000 29.657577
6.713000 -0.091000 60.995000
9.556000 2.138000 59.737000
9.661000 0.039000 56.547000
5.914000 0.422000 56.014000
6.269000 4.158000 56.584000
9.037000 4.600000 53.958000
7.181000 2.269000 51.503000
3.951000 4.272000 51.793000
5.789000 7.630000 51.593000
7.541000 6.626000 48.350000
4.474000 5.063000 46.751000
2.411000 8.220000 47.637000
5.194000 10.402000 46.194000
5.151000 8.437000 42.899000
1.326000 8.594000 42.568000
1.380000 12.390000 43.029000
4.448000 12.772000 40.771000
2.648000 11.047000 37.875000
-0.558000 13.068000 38.388000
1.369000 16.381000 38.617000
2.862000 15.783000 35.143000
-0.295000 14.294000 33.577000
-2.452000 17.201000 34.857000
0.104000 19.641000 33.331000
0.825000 21.150000 36.780000
4.437000 21.513000 35.660000
5.211000 24.235000 38.219000
4.844000 21.642000 41.036000
7.384000 19.283000 39.448000
10.648000 21.046000 40.496000
10000.000000 10000.000000 10000.000000
9.318000 21.279000 44.111000
9.352000 17.441000 44.368000
13.177000 17.518000 44.318000
15.803000 18.858000 46.747000
17.702000 21.971000 45.510000
21.011000 20.104000 44.871000
19.413000 17.298000 42.872000
20.017000 15.188000 39.771000
17.321000 14.336000 37.205000
18.209000 12.439000 34.067000
16.595000 10.387000 31.325000
18.916000 7.726000 29.832000
18.480000 4.758000 27.474000
18.732000 1.279000 29.079000
21.670000 0.338000 26.841000
23.584000 3.568000 27.643000
23.745000 2.572000 31.311000
26.702000 0.321000 30.292000
28.420000 2.638000 27.762000
19.620000 16.169000 32.113000
19.303000 18.550000 35.120000
21.939000 18.784000 37.865000
20.219000 21.456000 39.952000
16.705000 22.651000 40.735000
17.475000 25.735000 38.641000
17.725000 23.513000 35.568000
14.380000 21.812000 36.437000
12.751000 25.254000 36.701000
14.424000 26.401000 33.477000
12.682000 23.529000 31.671000
9.218000 24.384000 33.075000
9.692000 28.086000 32.172000
10.733000 27.180000 28.616000
7.764000 24.772000 28.203000
5.385000 27.569000 29.272000
10000.000000 10000.000000 10000.000000
10000.000000 10000.000000 10000.000000
10000.000000 10000.000000 10000.000000
-0.240000 16.120000 23.798000
-2.031000 14.426000 26.651000
0.104000 12.242000 28.887000
-0.787000 9.477000 31.263000
1.637000 7.773000 33.713000
1.136000 4.402000 35.280000
3.781000 3.758000 37.930000
4.388000 0.427000 39.597000
4.811000 -0.145000 43.319000
8.335000 0.811000 44.483000
10.998000 -1.702000 45.495000
13.160000 -0.269000 48.251000
16.755000 -1.269000 47.524000
18.210000 2.370000 53.575000
20.877000 4.472000 55.217000
19.078000 6.372000 57.962000
16.524000 8.670000 56.317000
18.081000 8.320000 52.858000
16.298000 5.604000 50.894000
17.075000 4.136000 47.467000
14.187000 2.696000 45.419000
13.152000 1.615000 41.939000
9.738000 1.545000 40.230000
8.608000 0.542000 36.742000
6.618000 3.062000 34.712000
4.922000 3.569000 31.379000
3.979000 6.921000 29.958000
1.107000 6.767000 27.479000
0.499000 9.646000 25.098000
-2.480000 10.805000 23.054000
-1.800000 13.115000 20.136000
-4.000000 14.925000 17.616000
10000.000000 10000.000000 10000.000000
10000.000000 10000.000000 10000.000000
10000.000000 10000.000000 10000.000000
10000.000000 10000.000000 10000.000000
10000.000000 10000.000000 10000.000000
-5.040000 11.736000 15.732000
-6.663000 10.611000 19.027000
-4.918000 7.241000 19.375000
-3.249000 6.505000 22.705000
0.199000 4.971000 22.223000
3.031000 3.904000 24.442000
5.361000 6.922000 24.529000
8.077000 5.888000 27.015000
8.471000 2.721000 29.127000
11.244000 2.319000 31.725000
12.049000 2.280000 35.398000
12.823000 5.020000 37.907000
16.053000 4.501000 39.888000
15.838000 6.868000 42.823000
17.548000 8.271000 45.896000
14.991000 9.784000 48.260000
15.646000 12.168000 51.149000
13.074000 11.321000 53.885000
14.592000 13.705000 56.465000
12.731000 16.561000 58.150000
9.220000 15.148000 57.892000
9.185000 15.353000 54.091000
9.717000 13.248000 50.912000
11.859000 14.700000 48.117000
14.056000 13.292000 45.327000
17.824000 13.678000 45.747000
18.252000 11.889000 42.400000
16.001000 10.267000 39.762000
17.262000 8.440000 36.740000
14.609000 7.353000 34.218000
16.135000 4.317000 32.508000
14.032000 3.865000 29.357000
13.396000 1.222000 26.699000
11.471000 3.131000 23.985000
13.741000 4.505000 21.190000
11.867000 7.560000 20.000000
11.588000 10.238000 22.619000
10.917000 13.978000 22.246000
14.058000 16.068000 21.826000
12.407000 19.522000 21.497000
10.380000 21.031000 24.378000
10.058000 17.607000 25.992000
7.762000 17.237000 29.018000
9.465000 15.422000 31.940000
10000.000000 10000.000000 10000.000000
10000.000000 10000.000000 10000.000000
10000.000000 10000.000000 10000.000000
10000.000000 10000.000000 10000.000000
10000.000000 10000.000000 10000.000000
10000.000000 10000.000000 10000.000000
