Score: 66.000000 0.000000 8.481486
10000.000000 10000.000000 10000.000000
10000.000000 10000.000000 10000.000000
10000.000000 10000.000000 10000.000000
10000.000000 10000.000000 10000.000000
113.095000 18.912000 23.208000
109.650000 17.462000 23.351000
108.282000 20.593000 24.898000
109.891000 22.638000 22.123000
108.712000 20.396000 19.294000
105.136000 20.370000 20.702000
105.287000 24.133000 20.996000
106.336000 24.321000 17.399000
103.463000 22.098000 16.264000
101.013000 24.182000 18.287000
102.505000 27.350000 16.719000
102.295000 25.890000 13.179000
98.600000 25.014000 13.735000
97.554000 28.566000 14.544000
99.750000 30.000000 11.835000
98.160000 27.812000 9.144000
94.769000 29.097000 10.148000
95.971000 32.696000 10.188000
97.254000 32.392000 6.651000
94.445000 30.140000 5.518000
96.735000 27.272000 4.658000
94.478000 24.263000 4.381000
97.097000 21.900000 3.175000
99.339000 22.481000 6.199000
96.420000 22.478000 8.597000
95.227000 19.216000 7.102000
10000.000000 10000.000000 10000.000000
98.657000 17.663000 7.540000
98.870000 18.811000 11.175000
95.787000 16.889000 12.148000
96.233000 13.229000 12.899000
95.245000 10.376000 10.626000
93.693000 8.271000 16.365000
90.171000 9.547000 15.578000
90.182000 13.322000 15.866000
87.688000 15.758000 17.374000
87.244000 19.528000 17.415000
85.298000 22.070000 19.404000
85.238000 25.625000 18.112000
84.039000 28.369000 20.442000
10000.000000 10000.000000 10000.000000
10000.000000 10000.000000 10000.000000
10000.000000 10000.000000 10000.000000
80.400000 27.807000 21.283000
80.070000 24.856000 18.891000
79.124000 21.307000 19.470000
81.647000 18.552000 18.903000
82.964000 17.728000 15.436000
84.303000 14.169000 15.076000
86.532000 12.677000 12.391000
88.820000 14.342000 9.896000
86.019000 15.011000 7.418000
83.813000 16.960000 9.848000
86.812000 18.704000 11.273000
88.407000 19.767000 7.942000
85.127000 20.782000 6.426000
84.688000 23.151000 9.319000
88.139000 24.715000 8.787000
87.484000 25.330000 5.061000
84.220000 27.025000 5.945000
85.746000 29.100000 8.774000
88.574000 30.178000 6.524000
86.240000 31.022000 3.644000
84.063000 33.123000 5.887000
86.874000 34.906000 7.737000
88.480000 37.739000 5.874000
91.141000 38.273000 8.507000
92.267000 36.388000 11.578000
95.137000 36.575000 13.959000
95.866000 34.570000 17.079000
98.030000 35.887000 19.850000
98.611000 33.050000 22.245000
99.325000 33.577000 25.833000
100.054000 31.598000 28.905000
100.917000 28.561000 26.858000
101.489000 25.442000 28.898000
102.821000 22.078000 27.717000
102.616000 18.713000 29.418000
104.243000 15.712000 27.746000
103.528000 12.183000 28.879000
104.898000 9.393000 26.723000
103.557000 9.895000 23.220000
100.869000 12.374000 24.126000
101.148000 16.066000 24.771000
98.624000 18.364000 26.362000
98.754000 22.022000 25.625000
96.484000 24.634000 27.219000
96.529000 28.235000 26.152000
94.754000 31.513000 25.869000
93.761000 32.376000 22.306000
93.648000 36.140000 22.035000
91.774000 36.306000 18.736000
91.529000 39.288000 16.425000
89.341000 39.024000 13.375000
87.651000 41.103000 10.739000
85.081000 42.400000 4.501000
85.053000 46.142000 4.294000
81.916000 48.242000 3.614000
83.720000 49.502000 0.577000
86.829000 50.088000 -1.451000
88.014000 52.861000 0.914000
88.800000 50.364000 3.646000
90.976000 47.334000 3.916000
88.740000 45.537000 6.348000
85.570000 45.744000 8.247000
85.721000 46.580000 11.919000
87.923000 44.377000 13.998000
86.616000 42.159000 16.756000
88.503000 40.518000 19.643000
87.770000 37.278000 21.508000
89.100000 35.818000 24.708000
89.157000 32.087000 24.272000
91.080000 29.281000 25.977000
92.073000 25.947000 24.374000
93.106000 22.498000 25.236000
95.062000 20.886000 22.385000
96.060000 17.234000 22.519000
98.963000 16.164000 20.342000
100.237000 12.796000 19.421000
103.791000 11.660000 18.632000
104.083000 10.324000 15.068000
107.030000 9.649000 12.809000
106.166000 12.838000 10.941000
105.992000 14.924000 14.043000
103.423000 15.941000 16.584000
99.931000 15.806000 15.206000
96.703000 17.153000 16.610000
94.291000 14.651000 18.075000
91.878000 17.127000 19.698000
91.359000 20.841000 19.715000
88.824000 22.197000 22.176000
88.310000 25.923000 22.345000
85.876000 27.918000 24.384000
10000.000000 10000.000000 10000.000000
10000.000000 10000.000000 10000.000000
10000.000000 10000.000000 10000.000000
10000.000000 10000.000000 10000.000000
10000.000000 10000.000000 10000.000000
10000.000000 10000.000000 10000.000000
10000.000000 10000.000000 10000.000000
10000.000000 10000.000000 10000.000000
10000.000000 10000.000000 10000.000000
10000.000000 10000.000000 10000.000000
10000.000000 10000.000000 10000.000000
10000.000000 10000.000000 10000.000000
10000.000000 10000.000000 10000.000000
10000.000000 10000.000000 10000.000000
10000.000000 10000.000000 10000.000000
10000.000000 10000.000000 10000.000000
10000.000000 10000.000000 10000.000000
10000.000000 10000.000000 10000.000000
10000.000000 10000.000000 10000.000000
