Score: 29.400000 0.760000 0.119186
10000.000000 10000.000000 10000.000000
10000.000000 10000.000000 10000.000000
10000.000000 10000.000000 10000.000000
10000.000000 10000.000000 10000.000000
10000.000000 10000.000000 10000.000000
10000.000000 10000.000000 10000.000000
10000.000000 10000.000000 10000.000000
10000.000000 10000.000000 10000.000000
-3.909000 9.327000 3.839000
-3.336000 10.330000 7.474000
0.446000 10.704000 7.084000
0.058000 12.672000 3.847000
-2.477000 14.918000 5.575000
-0.046000 15.586000 8.438000
2.852000 16.320000 6.081000
0.706000 18.875000 4.279000
-0.401000 20.410000 7.583000
3.278000 20.746000 8.508000
3.987000 22.485000 5.201000
1.265000 25.062000 5.909000
2.862000 25.949000 9.238000
6.392000 26.022000 7.813000
5.407000 28.371000 4.978000
3.271000 30.545000 7.259000
-0.058000 29.898000 5.536000
-1.871000 30.103000 8.867000
-5.312000 30.723000 7.401000
-5.164000 27.526000 5.339000
-3.947000 25.792000 8.509000
-6.813000 27.171000 10.587000
10000.000000 10000.000000 10000.000000
-9.163000 25.748000 7.942000
-8.048000 22.226000 8.912000
-9.575000 22.554000 12.389000
-13.241000 21.877000 13.178000
-15.375000 24.528000 14.851000
-15.428000 22.250000 17.921000
-11.655000 21.934000 18.106000
-1.042000 10.346000 38.222000
-0.023000 13.855000 39.299000
2.205000 14.497000 36.274000
-0.357000 16.343000 34.149000
-2.138000 19.482000 35.308000
-5.759000 18.329000 34.780000
-8.302000 19.889000 32.390000
-9.740000 23.078000 33.841000
-6.325000 23.995000 35.190000
-3.628000 26.344000 33.906000
-1.949000 25.234000 30.674000
0.430000 26.295000 27.913000
-2.421000 26.148000 25.379000
-6.159000 25.540000 25.882000
-7.762000 26.869000 22.721000
-10.974000 26.931000 20.688000
-11.454000 27.557000 16.968000
-12.046000 31.254000 17.597000
-9.124000 31.708000 19.995000
-6.841000 30.091000 17.385000
-8.357000 32.383000 14.765000
-7.626000 35.352000 17.023000
-4.011000 34.242000 17.545000
-3.692000 33.915000 13.766000
-5.084000 37.424000 13.274000
-2.245000 38.770000 15.412000
0.387000 36.560000 13.759000
-0.239000 37.847000 10.221000
-0.845000 41.477000 11.247000
2.731000 42.565000 10.633000
2.806000 43.829000 14.219000
3.585000 40.589000 16.089000
7.247000 41.443000 16.747000
8.050000 38.068000 18.281000
10.351000 22.695000 10.205000
7.548000 20.480000 11.490000
8.813000 16.927000 11.239000
6.164000 14.257000 11.799000
6.676000 10.521000 12.327000
5.507000 7.448000 14.250000
1.928000 7.844000 12.986000
-0.338000 5.302000 14.709000
-4.031000 5.259000 13.839000
-6.980000 3.955000 15.872000
-10.440000 3.568000 14.361000
-13.170000 4.598000 16.799000
-16.724000 3.288000 17.011000
-17.818000 6.254000 14.895000
-17.165000 5.701000 11.198000
-14.944000 8.418000 9.769000
-13.689000 9.382000 13.219000
-10.124000 8.422000 14.131000
-7.859000 8.874000 17.136000
-4.244000 9.339000 16.062000
-0.885000 9.337000 17.822000
2.196000 10.885000 16.215000
5.598000 12.067000 17.353000
6.795000 15.505000 16.343000
10.034000 17.447000 16.265000
9.460000 21.101000 15.514000
12.726000 22.857000 14.700000
12.797000 26.641000 14.961000
15.545000 29.029000 13.931000
15.197000 32.800000 14.180000
16.963000 36.164000 14.055000
20.683000 35.500000 13.660000
10000.000000 10000.000000 10000.000000
10000.000000 10000.000000 10000.000000
10000.000000 10000.000000 10000.000000
21.449000 32.377000 15.656000
18.464000 31.521000 17.852000
17.636000 27.818000 17.612000
15.070000 25.710000 19.483000
13.813000 22.134000 19.303000
10.314000 21.181000 20.419000
9.706000 17.438000 20.724000
6.586000 15.617000 21.828000
3.526000 13.673000 20.758000
0.196000 14.800000 19.396000
10000.000000 10000.000000 10000.000000
-2.987000 12.904000 20.145000
-5.682000 13.885000 17.684000
-9.264000 13.056000 16.911000
-9.515000 13.354000 13.132000
-12.637000 13.406000 10.994000
-12.270000 12.019000 7.508000
-13.956000 14.320000 4.977000
-14.545000 14.232000 1.221000
-13.077000 17.668000 0.451000
-9.305000 14.740000 3.360000
-9.280000 15.286000 7.115000
-10.173000 17.821000 9.763000
-8.717000 18.063000 13.262000
-11.594000 17.885000 15.755000
-9.277000 17.726000 18.756000
-5.551000 17.946000 19.480000
-3.813000 17.247000 22.756000
10000.000000 10000.000000 10000.000000
10000.000000 10000.000000 10000.000000
10000.000000 10000.000000 10000.000000
10000.000000 10000.000000 10000.000000
10000.000000 10000.000000 10000.000000
10000.000000 10000.000000 10000.000000
10000.000000 10000.000000 10000.000000
10000.000000 10000.000000 10000.000000
10000.000000 10000.000000 10000.000000
10000.000000 10000.000000 10000.000000
10000.000000 10000.000000 10000.000000
10000.000000 10000.000000 10000.000000
10000.000000 10000.000000 10000.000000
10000.000000 10000.000000 10000.000000
10000.000000 10000.000000 10000.000000
10000.000000 10000.000000 10000.000000
10000.000000 10000.000000 10000.000000
10000.000000 10000.000000 10000.000000
10000.000000 10000.000000 10000.000000
10000.000000 10000.000000 10000.000000
10000.000000 10000.000000 10000.000000
