Score: 146.140000 0.000000 24.387216
10000.000000 10000.000000 10000.000000
10000.000000 10000.000000 10000.000000
14.026000 16.400000 44.429000
17.527000 17.735000 43.893000
18.143000 17.651000 40.163000
21.330000 18.909000 38.630000
22.722000 19.307000 35.127000
24.086000 15.779000 35.083000
20.643000 14.365000 35.911000
19.177000 16.435000 33.082000
21.939000 15.331000 30.662000
21.332000 11.682000 31.567000
17.721000 12.133000 30.575000
18.535000 13.966000 27.351000
20.973000 11.194000 26.389000
18.372000 8.494000 27.100000
15.567000 10.280000 25.239000
17.703000 10.723000 22.125000
19.047000 7.140000 22.413000
15.492000 5.802000 22.270000
15.117000 7.474000 18.824000
18.483000 6.300000 17.577000
17.647000 2.748000 18.675000
14.086000 2.909000 17.255000
12.483000 2.172000 20.626000
9.409000 4.232000 19.729000
7.104000 3.319000 22.647000
9.833000 3.882000 25.262000
10.619000 7.191000 23.536000
6.984000 8.337000 23.732000
10000.000000 10000.000000 10000.000000
7.086000 7.590000 27.444000
9.718000 10.317000 27.898000
6.911000 12.760000 27.047000
4.058000 13.852000 29.305000
0.615000 13.186000 27.796000
0.153000 17.000000 27.636000
3.584000 17.638000 26.049000
3.757000 20.384000 23.425000
6.269000 19.759000 20.622000
7.127000 22.630000 18.358000
9.606000 23.092000 15.566000
8.975000 26.528000 14.043000
9.485000 27.437000 10.380000
11.760000 30.317000 9.496000
9.755000 33.228000 8.087000
12.559000 35.056000 6.258000
10000.000000 10000.000000 10000.000000
10000.000000 10000.000000 10000.000000
10000.000000 10000.000000 10000.000000
10000.000000 10000.000000 10000.000000
1.641000 19.191000 18.395000
-0.392000 20.640000 21.238000
-0.262000 17.378000 23.138000
1.363000 14.005000 22.899000
-1.405000 12.403000 20.836000
0.038000 14.035000 17.707000
3.407000 12.446000 18.472000
1.736000 9.046000 19.038000
0.094000 9.263000 15.660000
3.371000 10.224000 14.017000
5.102000 7.231000 15.667000
2.282000 5.048000 14.298000
7.412000 -3.007000 4.916000
10.885000 -1.424000 4.532000
14.051000 -3.389000 3.572000
17.779000 -2.913000 4.311000
19.515000 -0.486000 4.194000
17.805000 1.181000 7.142000
18.430000 4.773000 8.252000
20.927000 4.854000 11.134000
20.832000 8.033000 13.209000
23.147000 9.365000 15.908000
22.130000 12.252000 18.164000
24.837000 14.480000 19.681000
23.649000 16.795000 22.444000
26.064000 19.650000 23.243000
26.398000 22.863000 25.197000
23.625000 22.120000 27.653000
22.639000 25.113000 29.806000
20.083000 25.211000 32.571000
17.781000 28.215000 32.206000
13.540000 25.664000 37.580000
9.997000 25.929000 38.856000
9.454000 23.322000 41.494000
10.353000 20.023000 39.813000
10.037000 21.486000 36.285000
13.464000 22.214000 34.852000
14.062000 24.200000 31.677000
17.303000 23.796000 29.675000
18.635000 24.726000 26.233000
21.178000 22.866000 24.158000
22.715000 22.549000 20.664000
22.492000 19.330000 18.729000
23.694000 17.637000 15.592000
22.113000 14.495000 14.332000
24.007000 12.517000 11.778000
21.959000 10.148000 9.624000
23.020000 7.470000 7.212000
21.308000 5.232000 4.741000
10000.000000 10000.000000 10000.000000
10000.000000 10000.000000 10000.000000
10000.000000 10000.000000 10000.000000
10000.000000 10000.000000 10000.000000
10000.000000 10000.000000 10000.000000
23.187000 3.324000 2.051000
25.670000 5.809000 0.547000
24.892000 9.281000 1.855000
10000.000000 10000.000000 10000.000000
10000.000000 10000.000000 10000.000000
25.306000 10.945000 5.283000
22.812000 13.716000 6.170000
23.339000 16.316000 8.999000
20.656000 18.208000 10.882000
21.686000 20.739000 13.476000
20.308000 23.441000 15.681000
19.154000 24.371000 19.160000
16.457000 23.044000 21.422000
14.680000 24.164000 24.582000
13.133000 21.554000 26.860000
10.933000 21.920000 29.960000
11.100000 18.629000 31.830000
8.974000 17.538000 34.808000
11.011000 15.583000 37.343000
8.193000 15.190000 39.901000
7.440000 11.511000 38.977000
9.668000 8.451000 39.211000
10.700000 8.974000 35.554000
11.258000 12.390000 33.954000
8.636000 13.665000 31.506000
9.023000 16.308000 28.824000
6.348000 19.031000 29.250000
7.513000 21.180000 26.306000
9.951000 20.758000 23.393000
10.995000 23.623000 21.122000
13.405000 22.890000 18.278000
15.193000 25.367000 16.051000
16.487000 23.660000 12.897000
19.241000 25.762000 11.510000
19.842000 23.987000 8.203000
16.230000 24.071000 7.195000
16.567000 24.192000 3.373000
10000.000000 10000.000000 10000.000000
10000.000000 10000.000000 10000.000000
10000.000000 10000.000000 10000.000000
10000.000000 10000.000000 10000.000000
10000.000000 10000.000000 10000.000000
10000.000000 10000.000000 10000.000000
10000.000000 10000.000000 10000.000000
10000.000000 10000.000000 10000.000000
10000.000000 10000.000000 10000.000000
10000.000000 10000.000000 10000.000000
10000.000000 10000.000000 10000.000000
10000.000000 10000.000000 10000.000000
10000.000000 10000.000000 10000.000000
10000.000000 10000.000000 10000.000000
