Score: 159.560000 0.000000 27.055517
10000.000000 10000.000000 10000.000000
10000.000000 10000.000000 10000.000000
-0.407000 28.823000 45.510000
3.204000 29.201000 44.336000
4.226000 28.578000 47.970000
2.172000 25.345000 47.929000
3.948000 24.133000 44.753000
7.394000 24.944000 46.205000
6.494000 23.075000 49.449000
5.273000 20.055000 47.453000
8.490000 20.032000 45.395000
10.413000 20.195000 48.731000
8.737000 16.914000 49.799000
10.596000 15.157000 46.949000
13.841000 17.007000 47.795000
13.433000 16.129000 51.517000
12.649000 12.436000 50.726000
15.686000 12.106000 48.480000
18.178000 13.982000 50.650000
17.057000 12.155000 53.803000
17.422000 8.781000 52.044000
20.928000 9.631000 50.872000
21.956000 10.914000 54.337000
20.226000 7.818000 55.893000
18.275000 10.281000 58.121000
15.198000 8.169000 58.831000
13.403000 10.876000 60.932000
13.485000 13.558000 58.218000
12.515000 10.897000 55.694000
9.475000 9.893000 57.760000
10000.000000 10000.000000 10000.000000
8.430000 13.546000 58.246000
7.645000 13.834000 54.506000
4.859000 11.240000 54.850000
1.399000 11.484000 56.349000
0.816000 9.160000 59.351000
-0.926000 6.795000 56.858000
1.255000 7.677000 53.859000
2.600000 5.014000 51.523000
5.571000 4.269000 49.229000
5.098000 1.827000 46.331000
7.607000 0.482000 43.800000
8.252000 -2.865000 42.045000
9.582000 -4.160000 45.432000
10000.000000 10000.000000 10000.000000
10000.000000 10000.000000 10000.000000
10000.000000 10000.000000 10000.000000
10000.000000 10000.000000 10000.000000
10000.000000 10000.000000 10000.000000
6.189000 -3.729000 47.211000
4.289000 -1.225000 49.334000
5.277000 0.276000 52.725000
2.411000 2.063000 54.547000
2.373000 3.850000 57.863000
5.351000 4.987000 59.858000
6.524000 1.604000 61.117000
6.582000 0.002000 57.650000
8.076000 3.162000 56.101000
10.906000 3.067000 58.651000
11.643000 -0.621000 57.847000
11.308000 0.062000 54.103000
13.816000 2.897000 54.374000
16.534000 0.529000 55.703000
15.465000 -2.255000 53.271000
15.881000 0.079000 50.286000
19.241000 1.328000 51.531000
20.383000 -2.276000 52.028000
19.229000 -3.523000 48.602000
19.938000 -0.607000 46.243000
22.794000 3.416000 49.726000
25.783000 5.450000 48.562000
23.985000 7.523000 45.954000
22.641000 10.902000 45.004000
18.922000 10.691000 44.197000
17.870000 13.795000 42.176000
14.389000 15.091000 41.421000
13.593000 16.952000 38.139000
10.737000 17.998000 35.797000
8.122000 18.499000 38.501000
4.587000 19.047000 37.241000
2.010000 19.688000 39.949000
-1.783000 19.919000 39.685000
-4.467000 20.253000 42.318000
-5.953000 22.750000 44.725000
-5.068000 24.175000 48.163000
-5.188000 20.826000 50.006000
-4.946000 17.946000 47.537000
-2.563000 17.646000 44.618000
-0.632000 15.281000 42.410000
2.975000 15.651000 41.317000
4.769000 13.851000 38.452000
8.543000 14.023000 38.270000
11.710000 12.223000 37.349000
14.206000 10.514000 39.584000
17.782000 10.025000 38.423000
20.323000 8.205000 40.600000
24.125000 8.388000 40.466000
26.883000 6.923000 42.591000
28.744000 8.989000 45.163000
10000.000000 10000.000000 10000.000000
10000.000000 10000.000000 10000.000000
10000.000000 10000.000000 10000.000000
10000.000000 10000.000000 10000.000000
10000.000000 10000.000000 10000.000000
10000.000000 10000.000000 10000.000000
10000.000000 10000.000000 10000.000000
10000.000000 10000.000000 10000.000000
31.841000 6.751000 45.282000
32.468000 6.440000 41.510000
31.447000 8.079000 38.216000
28.728000 5.649000 37.223000
25.024000 6.065000 37.046000
22.674000 3.943000 39.204000
19.232000 4.202000 37.601000
16.203000 6.334000 36.910000
12.472000 6.397000 37.455000
9.231000 8.138000 36.769000
7.557000 9.186000 40.048000
3.893000 9.923000 40.744000
2.960000 11.558000 44.096000
-0.432000 12.181000 45.688000
0.018000 14.887000 48.327000
-2.302000 16.408000 50.934000
-2.328000 19.452000 53.186000
-2.940000 18.244000 56.759000
-2.998000 20.729000 59.677000
-1.519000 23.310000 57.315000
1.419000 21.327000 55.963000
1.902000 19.235000 52.830000
2.599000 15.530000 53.129000
3.090000 12.541000 50.867000
-0.049000 10.321000 50.805000
1.195000 8.008000 48.093000
4.487000 7.971000 46.269000
4.694000 5.516000 43.341000
8.145000 4.970000 41.827000
8.214000 3.348000 38.354000
11.814000 2.253000 37.964000
13.445000 2.241000 34.523000
14.765000 -1.190000 33.260000
18.418000 -0.137000 33.719000
18.361000 -0.857000 37.472000
20.940000 -3.571000 38.266000
18.516000 -5.134000 40.829000
16.070000 -5.718000 37.892000
18.759000 -7.065000 35.465000
10000.000000 10000.000000 10000.000000
10000.000000 10000.000000 10000.000000
10000.000000 10000.000000 10000.000000
10000.000000 10000.000000 10000.000000
10000.000000 10000.000000 10000.000000
10000.000000 10000.000000 10000.000000
10000.000000 10000.000000 10000.000000
10000.000000 10000.000000 10000.000000
10000.000000 10000.000000 10000.000000
10000.000000 10000.000000 10000.000000
