Score: 246.130000 0.000000 44.251812
10000.000000 10000.000000 10000.000000
3.430000 27.616000 -5.559000
5.885000 28.798000 -2.905000
3.202000 30.679000 -1.005000
0.939000 27.669000 -0.900000
3.847000 25.653000 0.491000
4.526000 28.325000 3.116000
0.909000 28.488000 4.190000
0.712000 24.648000 4.385000
3.922000 24.555000 6.457000
2.588000 27.203000 8.858000
-0.700000 25.298000 9.162000
1.240000 22.182000 10.158000
2.114000 23.964000 13.361000
-1.611000 24.389000 14.102000
-2.081000 20.653000 13.625000
1.056000 19.984000 15.701000
-0.415000 21.949000 18.589000
-3.646000 20.078000 18.146000
-1.909000 16.681000 18.697000
-1.023000 17.621000 22.221000
-3.882000 19.903000 23.137000
-6.688000 17.667000 21.770000
-4.731000 14.600000 23.059000
-5.043000 12.897000 19.719000
-1.916000 10.822000 19.411000
-3.030000 8.225000 16.879000
-4.348000 9.734000 13.629000
-3.115000 13.356000 13.724000
0.601000 12.480000 14.106000
0.471000 10.710000 10.740000
-0.950000 13.859000 9.175000
1.710000 16.065000 10.792000
4.966000 14.097000 10.985000
7.165000 11.835000 8.983000
7.846000 8.225000 10.074000
10.435000 8.112000 11.445000
10.715000 11.473000 13.178000
13.756000 13.194000 14.663000
13.140000 14.768000 18.070000
15.243000 16.961000 20.315000
13.780000 18.131000 23.599000
17.171000 18.071000 25.308000
16.895000 21.728000 26.404000
13.975000 20.622000 28.589000
14.555000 16.948000 29.351000
18.293000 16.381000 29.022000
17.546000 13.471000 26.689000
19.692000 13.783000 23.588000
18.311000 13.940000 20.036000
16.936000 10.743000 18.637000
15.250000 9.477000 15.500000
12.305000 7.300000 16.453000
9.435000 5.445000 14.836000
6.357000 7.592000 14.729000
4.256000 5.052000 16.663000
6.824000 5.128000 19.501000
6.695000 8.938000 19.546000
2.903000 8.871000 19.656000
2.832000 6.309000 22.485000
5.380000 8.332000 24.431000
3.346000 11.526000 23.972000
0.208000 9.736000 25.070000
1.898000 8.538000 28.255000
3.512000 11.877000 29.045000
0.551000 14.162000 28.298000
-1.626000 11.767000 30.327000
-0.163000 13.439000 33.393000
-1.941000 16.726000 32.491000
-5.520000 17.802000 32.818000
-4.990000 20.075000 29.850000
-2.301000 21.724000 27.826000
-2.141000 24.728000 25.513000
0.544000 25.366000 22.934000
0.597000 28.860000 21.465000
2.949000 28.775000 18.451000
3.657000 32.094000 16.804000
6.210000 34.007000 14.767000
6.940000 31.426000 12.048000
10.094000 32.078000 10.014000
9.976000 29.642000 7.084000
12.705000 28.920000 4.562000
11.787000 26.608000 1.698000
14.073000 24.817000 -0.771000
11.950000 22.681000 -3.088000
10.754000 19.703000 -0.980000
12.514000 20.750000 2.273000
11.983000 23.588000 4.674000
13.239000 24.942000 7.945000
10.992000 26.678000 10.404000
11.900000 28.741000 13.414000
9.006000 29.681000 15.665000
8.073000 30.901000 19.109000
6.247000 28.582000 21.490000
4.486000 29.121000 24.770000
3.375000 25.756000 26.201000
1.198000 25.545000 29.314000
0.602000 22.212000 31.079000
-1.862000 21.922000 33.995000
-1.574000 19.181000 36.555000
-4.697000 17.779000 38.144000
-5.498000 18.906000 41.644000
-4.980000 15.348000 42.941000
-1.277000 15.807000 42.029000
-0.752000 19.552000 42.502000
-2.288000 19.654000 45.945000
-2.162000 23.149000 47.386000
0.877000 24.118000 45.345000
1.517000 25.390000 41.835000
-0.261000 23.509000 39.116000
1.001000 24.914000 35.839000
4.249000 23.984000 34.126000
5.210000 26.683000 31.628000
7.763000 26.311000 28.875000
8.602000 29.257000 26.635000
11.154000 29.217000 23.853000
11.533000 28.190000 20.252000
11.043000 25.456000 17.730000
13.750000 24.985000 15.139000
12.178000 22.351000 12.962000
12.469000 20.765000 9.521000
9.713000 19.798000 7.120000
9.611000 17.668000 4.015000
7.155000 17.607000 1.182000
5.778000 14.079000 1.044000
3.449000 12.616000 -1.487000
0.644000 13.323000 1.001000
1.726000 16.901000 1.698000
4.165000 18.698000 3.977000
5.233000 16.940000 7.167000
7.432000 17.884000 10.094000
10.497000 15.596000 9.974000
12.497000 17.098000 12.817000
11.322000 18.888000 15.976000
13.724000 20.743000 18.222000
12.593000 22.686000 21.234000
14.954000 25.201000 22.891000
13.568000 26.626000 26.158000
14.271000 30.220000 27.070000
12.489000 29.864000 30.420000
10.438000 27.411000 32.439000
8.132000 27.863000 35.392000
7.408000 25.005000 37.768000
9.551000 22.505000 35.839000
9.518000 20.267000 38.918000
5.870000 19.480000 38.061000
6.970000 17.759000 34.840000
8.654000 15.310000 37.222000
5.954000 15.344000 39.886000
10000.000000 10000.000000 10000.000000
10000.000000 10000.000000 10000.000000
10000.000000 10000.000000 10000.000000
10000.000000 10000.000000 10000.000000
10000.000000 10000.000000 10000.000000
10000.000000 10000.000000 10000.000000
10000.000000 10000.000000 10000.000000
