Score: 184.900000 0.000000 32.086186
-64.545000 56.876000 24.096000
-65.211000 53.505000 25.739000
-63.504000 51.516000 22.941000
-60.405000 53.679000 23.480000
-60.695000 53.296000 27.267000
-60.420000 49.553000 26.846000
-57.445000 49.419000 24.422000
-55.874000 51.308000 27.360000
-56.518000 48.638000 29.942000
-55.632000 45.773000 27.582000
-52.290000 47.224000 26.530000
-51.505000 47.612000 30.252000
-52.299000 43.876000 30.901000
-49.969000 42.825000 28.056000
-47.149000 44.759000 29.717000
-48.225000 43.476000 33.111000
-47.340000 39.928000 32.225000
-43.957000 40.658000 30.589000
-43.084000 42.954000 33.525000
-44.558000 40.486000 36.039000
-42.569000 37.621000 34.483000
-39.344000 39.607000 34.407000
-39.488000 41.589000 37.695000
-40.785000 38.296000 39.203000
-43.797000 39.729000 41.006000
-46.514000 37.304000 42.004000
-48.937000 40.000000 43.124000
-48.946000 41.617000 39.667000
-48.842000 38.320000 37.714000
-51.773000 36.898000 39.711000
10000.000000 10000.000000 10000.000000
-54.147000 39.844000 39.409000
-54.216000 39.889000 35.552000
-56.215000 36.643000 35.010000
-59.784000 35.291000 35.330000
-60.617000 32.132000 37.350000
-61.118000 30.045000 34.199000
-58.396000 31.651000 32.022000
-55.927000 29.511000 30.100000
-52.201000 30.172000 29.967000
-50.678000 27.835000 27.433000
-47.101000 27.919000 26.392000
-46.630000 25.540000 23.459000
-44.308000 22.613000 24.207000
-45.060000 23.152000 27.917000
-48.850000 22.767000 28.398000
10000.000000 10000.000000 10000.000000
10000.000000 10000.000000 10000.000000
10000.000000 10000.000000 10000.000000
10000.000000 10000.000000 10000.000000
-52.109000 24.365000 29.588000
-52.150000 26.072000 33.021000
-55.360000 27.444000 34.560000
-56.430000 30.489000 36.627000
-54.414000 32.976000 38.731000
-53.529000 29.716000 40.464000
-52.249000 27.868000 37.373000
-50.230000 30.929000 36.392000
-48.359000 31.211000 39.685000
-47.625000 27.545000 39.125000
-45.978000 27.884000 35.686000
-43.784000 30.763000 36.913000
-42.570000 29.296000 40.233000
-41.999000 25.817000 38.808000
-41.208000 25.965000 35.111000
-40.064000 29.463000 34.099000
-36.210000 28.076000 37.977000
-35.228000 27.810000 34.291000
-33.732000 31.280000 33.600000
-31.459000 33.255000 35.982000
-32.878000 36.543000 34.640000
-35.205000 37.283000 31.682000
-36.267000 40.467000 29.860000
-39.325000 40.355000 27.525000
-40.008000 43.020000 24.903000
-43.629000 43.517000 23.884000
-44.383000 45.244000 20.607000
-47.141000 45.058000 17.983000
-50.275000 44.529000 20.026000
-53.083000 44.493000 17.496000
-56.590000 44.555000 18.886000
-59.766000 43.327000 17.203000
-65.512000 40.461000 18.721000
-68.171000 42.370000 20.737000
-67.824000 45.368000 23.123000
-66.908000 42.692000 25.730000
-64.565000 40.225000 23.921000
-61.255000 41.036000 22.168000
-58.645000 38.975000 20.314000
-55.038000 40.010000 19.992000
-51.718000 39.290000 18.392000
-48.477000 40.503000 19.900000
-44.879000 39.909000 19.009000
-42.418000 39.362000 21.826000
-38.649000 39.222000 21.937000
-37.024000 37.748000 24.994000
-33.478000 37.665000 26.337000
-32.408000 35.454000 29.187000
-29.623000 33.475000 30.819000
-30.332000 29.742000 31.264000
-29.651000 28.098000 34.638000
10000.000000 10000.000000 10000.000000
10000.000000 10000.000000 10000.000000
10000.000000 10000.000000 10000.000000
10000.000000 10000.000000 10000.000000
10000.000000 10000.000000 10000.000000
-28.931000 24.916000 32.611000
-25.309000 25.411000 31.515000
-25.484000 29.178000 32.165000
-26.066000 30.042000 28.460000
-27.468000 33.314000 27.011000
-30.536000 32.729000 24.784000
-32.898000 34.585000 22.476000
-36.627000 33.794000 22.162000
-38.888000 35.210000 19.521000
-42.483000 34.287000 20.339000
-45.968000 35.322000 19.221000
-48.671000 35.781000 21.863000
-52.281000 35.164000 20.801000
-54.731000 36.506000 23.274000
-58.358000 36.635000 24.277000
-59.636000 39.359000 26.595000
-62.942000 39.539000 28.420000
-64.556000 42.361000 30.403000
-66.692000 41.282000 33.333000
-68.327000 43.845000 35.644000
-66.373000 46.721000 34.123000
-62.992000 45.021000 34.635000
-60.727000 43.555000 31.932000
-58.470000 40.510000 32.467000
-56.872000 37.703000 30.415000
-59.339000 35.208000 28.965000
-56.807000 33.167000 27.014000
-53.052000 33.444000 26.419000
-51.455000 31.100000 23.963000
-47.712000 31.653000 23.588000
-45.812000 30.182000 20.646000
-42.029000 30.246000 20.179000
-40.897000 30.843000 16.592000
-37.194000 31.086000 17.404000
-35.360000 29.653000 20.398000
-31.633000 30.225000 20.031000
-28.545000 29.473000 22.167000
-25.830000 32.096000 21.541000
-22.321000 31.208000 20.277000
-19.663000 32.941000 22.407000
-21.938000 35.777000 23.610000
10000.000000 10000.000000 10000.000000
10000.000000 10000.000000 10000.000000
10000.000000 10000.000000 10000.000000
10000.000000 10000.000000 10000.000000
10000.000000 10000.000000 10000.000000
10000.000000 10000.000000 10000.000000
10000.000000 10000.000000 10000.000000
10000.000000 10000.000000 10000.000000
10000.000000 10000.000000 10000.000000
