Score: 22.900000 70.000000 -1.845098
10000.000000 10000.000000 10000.000000
10000.000000 10000.000000 10000.000000
10000.000000 10000.000000 10000.000000
10000.000000 10000.000000 10000.000000
10000.000000 10000.000000 10000.000000
10000.000000 10000.000000 10000.000000
7.754000 117.504000 225.566000
9.734000 118.741000 228.528000
12.028000 115.702000 228.686000
13.043000 116.320000 225.044000
13.247000 120.132000 225.295000
15.446000 119.695000 228.370000
17.652000 117.293000 226.423000
18.220000 119.969000 223.770000
18.865000 122.727000 226.295000
21.441000 120.545000 227.969000
22.962000 119.721000 224.583000
23.141000 123.415000 223.747000
24.818000 124.202000 227.079000
27.372000 121.507000 226.301000
28.212000 122.911000 222.850000
28.038000 126.551000 223.962000
30.257000 125.897000 226.951000
32.934000 124.105000 224.931000
32.273000 120.867000 226.791000
32.957000 118.880000 223.630000
33.983000 115.637000 225.297000
30.562000 115.283000 227.007000
28.727000 116.391000 223.837000
30.268000 113.589000 221.746000
10000.000000 10000.000000 10000.000000
29.129000 111.160000 224.441000
25.553000 112.080000 223.432000
26.179000 110.696000 219.966000
24.748000 107.207000 219.534000
27.140000 104.561000 218.198000
25.258000 104.438000 214.840000
25.385000 108.267000 214.604000
24.598000 109.771000 211.220000
25.351000 113.505000 211.218000
12.644000 122.558000 190.199000
12.274000 122.851000 193.985000
12.402000 119.074000 194.734000
16.161000 119.432000 194.004000
16.835000 122.114000 196.618000
18.827000 119.961000 199.027000
21.728000 117.690000 198.063000
20.690000 114.041000 198.169000
21.804000 110.677000 199.549000
25.042000 110.013000 197.642000
25.901000 113.689000 197.055000
28.439000 116.193000 198.399000
27.421000 117.931000 201.621000
28.586000 120.289000 204.378000
28.761000 117.287000 206.787000
27.900000 113.580000 206.432000
29.619000 111.769000 209.285000
29.533000 108.343000 210.995000
30.887000 107.710000 214.523000
34.442000 107.230000 213.275000
34.502000 110.498000 211.348000
33.036000 112.298000 214.386000
35.649000 110.787000 216.738000
38.356000 112.351000 214.557000
36.604000 115.692000 214.694000
36.489000 115.552000 218.511000
40.170000 114.745000 218.448000
41.165000 130.482000 220.546000
37.663000 128.976000 220.728000
34.531000 130.353000 219.090000
31.829000 131.826000 221.280000
28.597000 130.072000 220.270000
24.944000 130.290000 221.231000
22.230000 127.775000 220.278000
18.658000 129.097000 220.646000
16.398000 126.093000 220.432000
12.662000 126.239000 219.754000
9.699000 124.924000 217.743000
10.326000 121.451000 219.182000
7.882000 118.856000 217.718000
7.899000 115.172000 218.666000
6.617000 112.022000 216.935000
10000.000000 10000.000000 10000.000000
10000.000000 10000.000000 10000.000000
7.284000 108.532000 218.321000
9.123000 106.366000 215.763000
8.537000 102.649000 214.903000
11.228000 101.374000 217.354000
10.640000 101.358000 221.151000
12.037000 104.524000 222.777000
12.955000 106.321000 219.543000
10000.000000 10000.000000 10000.000000
11.587000 109.683000 218.468000
11.501000 111.826000 215.366000
12.070000 115.473000 216.263000
11.783000 118.736000 214.403000
13.190000 121.853000 216.031000
14.204000 125.293000 214.795000
17.500000 126.990000 215.684000
19.537000 130.115000 215.547000
23.268000 129.692000 216.068000
25.187000 132.817000 216.982000
28.943000 132.396000 216.450000
31.242000 135.113000 217.679000
34.984000 134.845000 217.624000
38.207000 136.868000 217.874000
37.580000 140.590000 218.054000
34.771000 141.329000 215.718000
33.879000 138.174000 213.762000
30.089000 137.508000 213.924000
28.172000 134.821000 212.039000
24.439000 134.127000 212.427000
22.982000 130.839000 211.173000
19.396000 129.599000 211.274000
17.728000 126.386000 210.242000
15.929000 123.222000 211.260000
17.278000 120.133000 212.952000
10000.000000 10000.000000 10000.000000
15.544000 116.883000 212.098000
16.766000 114.347000 214.647000
16.085000 110.781000 215.662000
16.583000 110.329000 219.400000
16.911000 107.012000 221.236000
16.236000 106.581000 224.991000
22.863000 107.626000 230.523000
22.383000 110.652000 232.802000
21.310000 112.608000 229.690000
18.524000 110.081000 228.872000
18.948000 110.060000 225.063000
21.474000 109.462000 222.331000
21.428000 111.220000 218.973000
20.944000 108.636000 216.218000
20.282000 110.855000 213.245000
20.758000 114.534000 212.812000
19.909000 116.406000 209.640000
20.765000 120.042000 209.788000
18.689000 122.012000 207.322000
20.535000 125.317000 207.046000
18.869000 128.491000 205.764000
21.765000 129.369000 203.452000
22.772000 128.495000 199.966000
26.322000 129.852000 199.975000
10000.000000 10000.000000 10000.000000
10000.000000 10000.000000 10000.000000
10000.000000 10000.000000 10000.000000
10000.000000 10000.000000 10000.000000
10000.000000 10000.000000 10000.000000
10000.000000 10000.000000 10000.000000
10000.000000 10000.000000 10000.000000
10000.000000 10000.000000 10000.000000
10000.000000 10000.000000 10000.000000
10000.000000 10000.000000 10000.000000
10000.000000 10000.000000 10000.000000
10000.000000 10000.000000 10000.000000
10000.000000 10000.000000 10000.000000
10000.000000 10000.000000 10000.000000
