Score: 155.260000 0.000000 26.200659
10000.000000 10000.000000 10000.000000
59.738000 14.953000 64.816000
58.904000 12.080000 67.194000
59.032000 8.540000 65.696000
55.203000 8.431000 65.737000
54.885000 11.607000 63.634000
57.702000 10.338000 61.414000
55.591000 7.254000 60.843000
52.583000 9.380000 59.951000
54.561000 11.455000 57.403000
55.987000 8.381000 55.673000
52.492000 6.824000 55.530000
51.243000 10.070000 53.955000
54.035000 9.992000 51.371000
53.259000 6.350000 50.548000
49.579000 7.136000 50.033000
50.595000 10.116000 47.866000
52.781000 7.828000 45.750000
49.950000 5.297000 45.338000
47.461000 8.007000 44.150000
49.981000 9.308000 41.631000
50.914000 5.811000 40.326000
47.268000 4.969000 39.785000
46.214000 8.192000 37.972000
44.111000 9.371000 40.933000
45.322000 12.910000 40.316000
42.097000 14.661000 41.381000
42.111000 12.749000 44.639000
45.775000 13.688000 45.145000
45.326000 17.380000 44.408000
42.099000 17.880000 46.427000
42.999000 15.538000 49.250000
46.742000 16.052000 49.674000
47.605000 19.535000 48.349000
46.605000 22.675000 50.272000
44.799000 25.539000 48.536000
47.817000 27.864000 49.351000
50.355000 25.561000 47.729000
53.452000 26.843000 46.038000
54.721000 24.011000 43.801000
58.213000 24.851000 42.593000
60.933000 23.169000 40.550000
63.780000 25.701000 40.051000
66.318000 25.697000 37.197000
69.833000 25.396000 38.589000
72.657000 26.243000 36.260000
76.224000 24.876000 36.442000
78.160000 27.700000 38.125000
81.783000 27.868000 39.284000
82.290000 27.667000 43.053000
57.203000 24.362000 37.698000
56.141000 27.521000 39.546000
52.507000 26.965000 40.283000
49.699000 27.838000 42.676000
46.611000 25.649000 43.243000
44.645000 26.745000 40.257000
47.702000 26.223000 38.020000
48.222000 22.712000 39.368000
44.480000 22.053000 38.832000
44.855000 22.999000 35.140000
47.862000 20.637000 34.865000
45.849000 17.852000 36.532000
42.613000 18.506000 34.650000
44.361000 18.295000 31.283000
45.123000 14.620000 32.052000
48.655000 8.851000 27.427000
46.454000 6.604000 25.248000
47.386000 3.824000 25.829000
48.485000 5.049000 29.261000
52.094000 5.117000 30.533000
53.463000 3.767000 33.815000
55.248000 5.616000 36.584000
56.764000 4.312000 39.789000
58.241000 6.412000 42.628000
60.844000 5.308000 45.130000
60.810000 7.713000 48.095000
63.569000 7.400000 50.671000
65.462000 9.393000 53.319000
62.289000 11.053000 54.757000
63.362000 13.428000 57.502000
60.709000 15.501000 59.217000
61.261000 18.518000 61.521000
57.899000 24.004000 62.457000
55.447000 26.474000 64.037000
51.699000 26.126000 64.581000
52.089000 22.293000 64.226000
53.502000 22.540000 60.691000
56.392000 20.306000 59.557000
59.453000 20.826000 57.338000
60.196000 17.578000 55.498000
63.018000 16.415000 53.223000
63.095000 13.318000 51.009000
64.936000 11.693000 48.144000
62.865000 10.619000 45.111000
63.714000 8.215000 42.294000
61.184000 8.183000 39.440000
61.008000 5.407000 36.833000
58.815000 5.994000 33.809000
57.799000 3.426000 31.191000
55.669000 3.955000 28.089000
10000.000000 10000.000000 10000.000000
10000.000000 10000.000000 10000.000000
10000.000000 10000.000000 10000.000000
10000.000000 10000.000000 10000.000000
10000.000000 10000.000000 10000.000000
54.733000 2.433000 24.768000
56.887000 -0.609000 23.930000
60.551000 0.090000 24.999000
60.626000 3.699000 26.342000
10000.000000 10000.000000 10000.000000
62.141000 4.028000 29.821000
63.294000 7.140000 31.592000
64.640000 7.731000 35.120000
64.838000 10.880000 37.263000
66.257000 11.628000 40.701000
65.291000 14.650000 42.801000
65.275000 16.065000 46.271000
62.073000 17.276000 47.750000
61.651000 19.971000 50.396000
58.083000 20.156000 51.683000
56.132000 22.114000 54.237000
53.229000 20.106000 55.533000
50.220000 20.888000 57.710000
47.939000 18.332000 59.311000
44.653000 17.616000 57.685000
42.990000 15.112000 60.007000
42.606000 12.725000 58.540000
46.127000 13.228000 57.004000
48.505000 15.929000 55.771000
48.385000 18.495000 53.028000
51.454000 19.981000 51.370000
51.498000 23.809000 51.151000
55.096000 24.357000 50.003000
56.827000 21.879000 47.727000
60.288000 22.522000 46.216000
61.716000 19.905000 43.836000
65.466000 19.867000 43.056000
66.351000 17.872000 39.897000
69.792000 16.221000 39.773000
70.300000 16.408000 35.971000
71.231000 19.657000 34.185000
69.980000 18.351000 30.832000
10000.000000 10000.000000 10000.000000
10000.000000 10000.000000 10000.000000
10000.000000 10000.000000 10000.000000
10000.000000 10000.000000 10000.000000
10000.000000 10000.000000 10000.000000
10000.000000 10000.000000 10000.000000
10000.000000 10000.000000 10000.000000
10000.000000 10000.000000 10000.000000
10000.000000 10000.000000 10000.000000
10000.000000 10000.000000 10000.000000
10000.000000 10000.000000 10000.000000
10000.000000 10000.000000 10000.000000
10000.000000 10000.000000 10000.000000
10000.000000 10000.000000 10000.000000
