Score: 155.910000 0.000000 26.327902
10000.000000 10000.000000 10000.000000
88.462000 -43.161000 127.145000
85.859000 -42.573000 129.870000
82.322000 -41.300000 129.038000
83.164000 -37.866000 130.506000
86.324000 -37.593000 128.373000
84.383000 -38.805000 125.303000
81.964000 -35.868000 125.688000
84.794000 -33.301000 125.640000
86.289000 -34.837000 122.473000
82.807000 -34.938000 120.905000
82.242000 -31.315000 121.974000
85.672000 -30.357000 120.586000
84.831000 -31.751000 117.131000
81.350000 -30.178000 117.279000
82.934000 -26.780000 117.965000
85.510000 -27.530000 115.247000
82.707000 -28.241000 112.750000
80.964000 -24.941000 113.590000
84.194000 -23.014000 112.896000
84.591000 -24.710000 109.494000
80.990000 -23.987000 108.453000
80.958000 -20.379000 109.726000
84.332000 -19.746000 108.031000
86.415000 -19.118000 111.160000
89.626000 -20.826000 110.004000
92.078000 -18.393000 111.651000
90.384000 -19.045000 114.954000
90.529000 -22.775000 114.349000
94.124000 -22.801000 113.295000
94.890000 -21.034000 116.491000
93.033000 -22.969000 119.120000
92.208000 -26.091000 117.870000
95.409000 -26.783000 115.886000
98.937000 -27.239000 117.281000
102.095000 -25.764000 115.723000
103.568000 -29.264000 115.183000
100.581000 -30.359000 113.057000
100.879000 -32.894000 110.223000
97.768000 -32.579000 108.046000
97.787000 -35.668000 105.815000
95.400000 -37.055000 103.170000
97.240000 -39.879000 101.331000
96.314000 -41.205000 97.873000
95.126000 -44.823000 98.153000
95.297000 -46.668000 94.815000
93.271000 -49.808000 94.038000
95.489000 -52.897000 94.368000
94.934000 -56.657000 94.452000
94.850000 -58.299000 97.898000
104.614000 -40.782000 98.948000
100.751000 -33.236000 103.256000
101.283000 -29.935000 105.061000
102.882000 -28.643000 108.262000
101.499000 -25.701000 110.292000
103.179000 -23.075000 108.081000
101.928000 -24.629000 104.837000
98.521000 -25.280000 106.449000
98.365000 -21.577000 107.375000
99.071000 -20.672000 103.727000
93.462000 -18.043000 100.556000
89.912000 -18.162000 101.963000
88.744000 -16.153000 94.808000
85.948000 -15.691000 92.256000
84.591000 -19.219000 92.684000
83.901000 -18.470000 96.279000
82.073000 -15.223000 96.032000
79.972000 -16.216000 97.493000
81.496000 -18.944000 99.623000
80.156000 -22.424000 98.997000
77.882000 -23.743000 101.711000
79.501000 -26.762000 103.391000
78.060000 -28.971000 106.149000
79.879000 -31.706000 108.092000
78.345000 -34.759000 109.781000
80.789000 -36.254000 112.291000
79.875000 -39.669000 113.713000
81.313000 -42.859000 115.225000
83.812000 -40.926000 117.379000
85.988000 -43.357000 119.365000
88.860000 -42.090000 121.536000
94.319000 -43.332000 125.644000
97.666000 -43.223000 123.796000
99.794000 -42.317000 126.849000
101.634000 -39.094000 127.741000
98.291000 -37.238000 127.818000
97.663000 -38.016000 124.134000
94.485000 -39.502000 122.629000
94.088000 -41.648000 119.496000
90.696000 -40.781000 117.971000
88.871000 -42.490000 115.081000
85.695000 -41.110000 113.471000
83.513000 -41.134000 110.343000
82.919000 -37.879000 108.434000
80.242000 -37.160000 105.805000
80.782000 -33.812000 104.052000
77.921000 -32.214000 102.089000
78.809000 -29.298000 99.793000
76.462000 -26.935000 97.929000
77.361000 -24.039000 95.611000
10000.000000 10000.000000 10000.000000
10000.000000 10000.000000 10000.000000
10000.000000 10000.000000 10000.000000
10000.000000 10000.000000 10000.000000
10000.000000 10000.000000 10000.000000
75.635000 -21.775000 93.062000
72.198000 -23.025000 91.897000
71.990000 -26.824000 91.534000
75.562000 -28.085000 92.112000
10000.000000 10000.000000 10000.000000
75.904000 -30.667000 94.906000
78.796000 -32.985000 95.847000
79.130000 -35.532000 98.672000
82.288000 -36.949000 100.284000
82.833000 -39.620000 102.954000
86.062000 -39.853000 104.982000
87.639000 -41.871000 107.805000
89.553000 -39.567000 110.152000
92.453000 -40.707000 112.369000
93.752000 -38.158000 114.899000
96.180000 -37.663000 117.771000
94.850000 -35.049000 120.214000
96.645000 -33.754000 123.319000
95.339000 -31.648000 126.213000
96.564000 -28.045000 125.887000
95.083000 -25.766000 128.554000
91.308000 -26.066000 128.954000
90.829000 -27.773000 125.573000
92.399000 -29.912000 122.834000
94.835000 -29.542000 119.923000
95.404000 -31.953000 117.019000
99.051000 -32.590000 116.046000
98.639000 -35.677000 113.814000
95.695000 -35.973000 111.400000
95.185000 -38.628000 108.703000
92.183000 -38.429000 106.346000
91.272000 -41.571000 104.375000
89.079000 -40.841000 101.332000
86.630000 -43.547000 100.219000
86.291000 -42.612000 96.542000
89.289000 -43.262000 94.281000
88.045000 -40.817000 91.644000
10000.000000 10000.000000 10000.000000
10000.000000 10000.000000 10000.000000
10000.000000 10000.000000 10000.000000
10000.000000 10000.000000 10000.000000
10000.000000 10000.000000 10000.000000
10000.000000 10000.000000 10000.000000
10000.000000 10000.000000 10000.000000
10000.000000 10000.000000 10000.000000
10000.000000 10000.000000 10000.000000
10000.000000 10000.000000 10000.000000
10000.000000 10000.000000 10000.000000
10000.000000 10000.000000 10000.000000
10000.000000 10000.000000 10000.000000
10000.000000 10000.000000 10000.000000
