Score: 162.510000 0.000000 27.638272
41.188000 23.387000 93.109000
39.304000 26.514000 94.222000
39.332000 27.626000 90.611000
37.593000 24.320000 89.668000
34.789000 24.938000 92.258000
34.274000 28.352000 90.667000
34.122000 26.565000 87.297000
31.273000 24.344000 88.441000
29.493000 27.477000 89.658000
29.954000 29.050000 86.214000
28.578000 25.907000 84.573000
25.486000 26.286000 86.714000
25.109000 29.939000 85.598000
25.354000 28.844000 81.939000
22.719000 26.164000 82.568000
20.448000 28.731000 84.257000
20.779000 31.038000 81.301000
19.513000 28.377000 78.977000
16.813000 26.909000 81.204000
15.287000 30.335000 82.027000
14.988000 31.591000 78.404000
13.785000 28.123000 77.296000
10.918000 28.275000 79.808000
10.031000 31.856000 78.908000
11.241000 33.123000 82.292000
12.532000 36.529000 81.173000
13.029000 37.778000 84.729000
15.190000 34.744000 85.528000
17.080000 35.185000 82.294000
17.863000 38.846000 82.918000
10000.000000 10000.000000 10000.000000
18.845000 37.803000 86.446000
21.736000 35.769000 84.943000
23.341000 39.078000 84.041000
24.742000 41.821000 86.188000
22.516000 44.855000 86.640000
24.382000 46.611000 83.799000
25.256000 43.418000 81.919000
24.894000 43.130000 78.197000
24.173000 40.557000 75.477000
25.590000 41.107000 71.995000
24.671000 39.313000 68.791000
24.836000 40.246000 65.156000
26.392000 43.595000 65.777000
10000.000000 10000.000000 10000.000000
10000.000000 10000.000000 10000.000000
10000.000000 10000.000000 10000.000000
10000.000000 10000.000000 10000.000000
10000.000000 10000.000000 10000.000000
23.762000 44.753000 68.367000
24.162000 45.101000 72.095000
21.317000 44.891000 74.563000
22.311000 46.451000 77.865000
20.802000 46.297000 81.328000
18.287000 44.052000 82.983000
15.235000 45.908000 81.842000
16.136000 45.677000 78.117000
17.311000 42.108000 78.586000
13.947000 41.225000 80.119000
12.189000 42.801000 77.114000
14.409000 40.801000 74.781000
13.514000 37.554000 76.537000
9.820000 38.457000 76.335000
10.159000 39.131000 72.604000
10000.000000 10000.000000 10000.000000
11.973000 35.845000 72.204000
9.144000 34.008000 74.105000
6.601000 35.286000 71.651000
8.200000 33.556000 68.709000
10.538000 30.721000 69.812000
10.161000 27.292000 71.347000
13.356000 25.261000 71.409000
16.435000 24.537000 73.377000
19.571000 26.469000 73.948000
22.433000 24.066000 74.470000
25.601000 25.363000 76.011000
28.590000 22.943000 75.948000
32.348000 22.847000 75.667000
32.860000 25.401000 78.473000
36.319000 26.778000 78.859000
36.857000 29.584000 81.418000
39.815000 31.401000 83.025000
38.916000 32.465000 86.599000
40.880000 35.332000 88.229000
39.434000 35.903000 91.647000
35.999000 37.471000 91.255000
36.148000 37.794000 87.477000
36.187000 35.186000 84.714000
36.528000 35.136000 80.930000
35.738000 32.223000 78.722000
34.059000 30.639000 75.809000
31.487000 27.990000 75.180000
29.626000 26.382000 72.312000
26.012000 27.383000 71.545000
23.572000 25.263000 69.521000
19.952000 26.312000 69.489000
17.052000 24.188000 68.289000
13.631000 25.336000 67.119000
10.335000 23.584000 67.055000
8.806000 24.094000 63.580000
10000.000000 10000.000000 10000.000000
10000.000000 10000.000000 10000.000000
10000.000000 10000.000000 10000.000000
10000.000000 10000.000000 10000.000000
10000.000000 10000.000000 10000.000000
10000.000000 10000.000000 10000.000000
5.845000 22.780000 61.722000
8.337000 20.735000 59.673000
10.038000 19.243000 62.729000
12.915000 20.178000 64.936000
15.563000 22.350000 63.220000
18.827000 24.043000 64.142000
18.134000 27.733000 64.579000
21.625000 28.674000 65.601000
25.183000 27.492000 66.014000
28.068000 29.542000 67.365000
30.219000 30.539000 70.268000
29.642000 32.542000 73.421000
32.435000 34.794000 74.550000
31.825000 35.793000 78.123000
33.008000 38.156000 80.813000
31.607000 37.133000 84.228000
31.705000 38.790000 87.656000
31.206000 37.232000 91.090000
29.265000 39.371000 93.559000
27.666000 38.474000 96.841000
28.922000 34.968000 96.269000
27.166000 34.547000 92.908000
28.543000 34.552000 89.309000
26.714000 36.619000 86.722000
27.250000 37.638000 83.144000
28.753000 41.091000 82.749000
29.022000 40.646000 79.001000
28.122000 37.797000 76.643000
28.843000 37.996000 72.933000
27.297000 35.355000 70.631000
29.143000 34.840000 67.327000
27.076000 32.621000 65.012000
28.797000 30.307000 62.558000
28.732000 31.559000 58.979000
29.321000 30.211000 55.506000
33.017000 29.722000 54.810000
32.382000 30.658000 51.145000
30.113000 33.687000 51.686000
30.496000 35.054000 55.267000
28.145000 37.955000 54.346000
25.201000 35.484000 54.359000
23.434000 34.898000 57.686000
22.930000 31.115000 57.744000
19.913000 31.382000 60.058000
17.910000 32.997000 57.228000
18.415000 29.998000 54.881000
15.388000 27.860000 56.000000
10000.000000 10000.000000 10000.000000
10000.000000 10000.000000 10000.000000
10000.000000 10000.000000 10000.000000
