Score: 24.800000 21.000000 -1.322219
10000.000000 10000.000000 10000.000000
10000.000000 10000.000000 10000.000000
10000.000000 10000.000000 10000.000000
10000.000000 10000.000000 10000.000000
10000.000000 10000.000000 10000.000000
10000.000000 10000.000000 10000.000000
46.106000 37.625000 99.984000
47.920000 34.764000 98.279000
47.067000 32.224000 100.946000
43.360000 32.762000 100.824000
43.316000 33.076000 97.007000
45.033000 29.655000 96.993000
42.358000 28.295000 99.325000
39.708000 29.356000 96.754000
41.634000 28.074000 93.745000
42.068000 24.760000 95.518000
38.408000 24.699000 96.595000
37.388000 25.276000 92.975000
39.546000 22.378000 91.797000
37.890000 20.066000 94.308000
34.440000 21.086000 93.128000
35.321000 21.060000 89.421000
37.123000 17.674000 89.617000
34.316000 16.118000 91.748000
36.427000 15.594000 94.837000
33.385000 16.126000 96.995000
34.532000 14.354000 100.166000
37.562000 16.656000 100.365000
35.316000 19.653000 99.629000
32.812000 18.801000 102.404000
35.822000 18.413000 104.742000
10000.000000 10000.000000 10000.000000
36.524000 22.138000 104.288000
33.237000 22.906000 106.042000
33.282000 23.814000 109.753000
30.972000 22.076000 112.280000
29.186000 25.457000 112.578000
28.795000 25.991000 108.773000
25.928000 28.197000 107.575000
25.716000 27.778000 103.767000
23.194000 30.340000 102.627000
21.895000 31.499000 99.227000
18.989000 33.936000 99.509000
16.276000 34.303000 96.904000
16.751000 37.526000 95.026000
13.846000 39.579000 93.691000
15.148000 37.049000 101.333000
15.889000 37.481000 105.059000
16.870000 35.168000 107.887000
13.507000 33.500000 108.604000
12.488000 33.372000 104.942000
12.616000 30.802000 102.145000
15.910000 30.414000 100.234000
17.744000 28.428000 97.515000
20.090000 27.113000 100.243000
20.179000 27.717000 103.993000
22.008000 24.736000 105.445000
23.871000 23.586000 108.554000
26.466000 20.774000 108.849000
23.897000 17.990000 109.175000
22.029000 19.201000 106.075000
25.273000 19.523000 104.091000
26.331000 16.021000 105.222000
23.113000 14.675000 103.664000
23.952000 16.408000 100.384000
27.393000 14.763000 100.371000
25.670000 11.362000 100.737000
26.424000 11.336000 84.915000
28.130000 14.232000 86.616000
27.962000 17.823000 85.458000
31.106000 19.527000 84.226000
31.639000 22.662000 86.270000
34.157000 25.508000 86.282000
34.473000 27.952000 89.185000
36.322000 31.023000 87.936000
37.137000 33.011000 91.070000
38.282000 36.589000 91.216000
38.035000 39.897000 93.027000
39.216000 38.538000 96.406000
38.995000 41.208000 99.146000
39.893000 40.342000 102.753000
10000.000000 10000.000000 10000.000000
39.006000 41.974000 106.092000
40.141000 40.712000 109.522000
37.378000 39.041000 111.487000
36.278000 40.086000 114.984000
37.909000 36.915000 116.378000
41.597000 36.072000 115.628000
10000.000000 10000.000000 10000.000000
42.116000 33.339000 113.034000
38.915000 34.531000 111.239000
38.574000 36.577000 108.020000
35.638000 38.123000 106.169000
36.075000 37.610000 102.425000
34.230000 38.990000 99.413000
34.882000 37.292000 96.080000
33.081000 36.999000 92.728000
10000.000000 10000.000000 10000.000000
32.527000 34.058000 90.440000
31.511000 32.742000 87.106000
30.213000 29.198000 87.433000
29.965000 27.423000 84.080000
27.968000 24.206000 84.238000
27.783000 21.980000 81.196000
26.138000 18.591000 81.180000
24.779000 15.755000 79.111000
25.063000 16.558000 75.410000
24.578000 20.282000 75.130000
23.166000 21.749000 78.345000
24.894000 24.975000 79.418000
24.049000 27.139000 82.418000
26.198000 30.139000 83.223000
25.926000 31.729000 86.684000
27.596000 34.734000 88.323000
27.587000 36.264000 91.771000
29.363000 37.248000 94.952000
30.424000 34.882000 97.742000
10000.000000 10000.000000 10000.000000
30.650000 36.551000 101.184000
32.589000 34.117000 103.405000
33.956000 33.781000 106.893000
37.086000 31.629000 106.798000
38.680000 30.306000 110.024000
42.252000 29.063000 110.452000
42.753000 25.381000 111.170000
46.602000 21.109000 104.912000
43.885000 23.355000 103.450000
44.717000 25.882000 106.217000
41.149000 27.148000 106.719000
37.646000 25.920000 107.268000
34.574000 27.554000 105.792000
32.531000 28.773000 108.741000
29.991000 30.791000 106.771000
29.073000 31.434000 103.140000
26.427000 33.686000 101.595000
26.038000 33.324000 97.845000
24.509000 36.396000 96.230000
23.380000 35.204000 92.814000
22.922000 37.576000 89.863000
19.562000 35.985000 89.016000
15.971000 36.468000 90.200000
14.312000 33.581000 88.433000
10000.000000 10000.000000 10000.000000
10000.000000 10000.000000 10000.000000
10000.000000 10000.000000 10000.000000
10000.000000 10000.000000 10000.000000
10000.000000 10000.000000 10000.000000
10000.000000 10000.000000 10000.000000
10000.000000 10000.000000 10000.000000
10000.000000 10000.000000 10000.000000
10000.000000 10000.000000 10000.000000
10000.000000 10000.000000 10000.000000
10000.000000 10000.000000 10000.000000
10000.000000 10000.000000 10000.000000
10000.000000 10000.000000 10000.000000
10000.000000 10000.000000 10000.000000
