Score: 14.020000 140.000000 -2.146128
10000.000000 10000.000000 10000.000000
10000.000000 10000.000000 10000.000000
10000.000000 10000.000000 10000.000000
10000.000000 10000.000000 10000.000000
10000.000000 10000.000000 10000.000000
10000.000000 10000.000000 10000.000000
10000.000000 10000.000000 10000.000000
10000.000000 10000.000000 10000.000000
10000.000000 10000.000000 10000.000000
10000.000000 10000.000000 10000.000000
10000.000000 10000.000000 10000.000000
10000.000000 10000.000000 10000.000000
10000.000000 10000.000000 10000.000000
10000.000000 10000.000000 10000.000000
10000.000000 10000.000000 10000.000000
10000.000000 10000.000000 10000.000000
-36.559000 24.805000 -25.862000
-37.394000 22.201000 -23.248000
-38.938000 18.749000 -23.499000
-40.501000 16.388000 -20.939000
-39.377000 12.758000 -21.020000
-40.267000 9.860000 -18.737000
-38.722000 6.686000 -17.418000
-40.132000 4.394000 -14.756000
-42.040000 6.723000 -12.453000
-39.859000 9.748000 -13.197000
-40.482000 12.889000 -15.303000
-37.366000 14.651000 -16.502000
-36.995000 17.984000 -18.307000
-34.469000 18.135000 -21.163000
-31.034000 22.668000 -24.966000
-28.976000 25.740000 -24.238000
-26.996000 26.833000 -27.335000
-26.315000 23.212000 -28.350000
-25.511000 21.828000 -24.879000
-28.098000 19.500000 -23.290000
-29.145000 19.506000 -19.632000
-31.495000 17.235000 -17.717000
-33.254000 18.055000 -14.454000
-36.272000 16.820000 -12.561000
-39.402000 18.076000 -14.336000
-41.202000 19.207000 -11.153000
-40.755000 22.807000 -9.987000
-39.701000 22.697000 -6.321000
-42.208000 25.408000 -5.325000
-45.471000 23.747000 -6.454000
-44.453000 20.768000 -8.628000
-45.598000 22.374000 -11.888000
-43.884000 21.015000 -15.027000
-40.822000 23.103000 -15.921000
-44.992000 23.085000 -19.631000
-45.056000 26.746000 -20.725000
-41.654000 27.173000 -18.988000
-39.630000 30.009000 -20.484000
-35.919000 29.308000 -21.040000
10000.000000 10000.000000 10000.000000
-33.779000 32.425000 -20.958000
-30.182000 31.418000 -21.639000
-29.515000 28.686000 -19.068000
-32.243000 29.825000 -16.659000
-35.694000 28.216000 -16.852000
-38.725000 30.131000 -15.519000
-41.719000 28.189000 -14.168000
-44.939000 29.458000 -15.778000
-46.996000 29.231000 -12.581000
-45.355000 31.721000 -10.111000
-42.243000 32.748000 -12.058000
-39.710000 30.713000 -9.981000
-36.358000 30.304000 -11.776000
-33.592000 27.684000 -11.792000
-30.195000 27.426000 -13.451000
-30.499000 24.265000 -15.632000
-26.743000 23.501000 -15.209000
10000.000000 10000.000000 10000.000000
10000.000000 10000.000000 10000.000000
10000.000000 10000.000000 10000.000000
10000.000000 10000.000000 10000.000000
10000.000000 10000.000000 10000.000000
10000.000000 10000.000000 10000.000000
10000.000000 10000.000000 10000.000000
10000.000000 10000.000000 10000.000000
10000.000000 10000.000000 10000.000000
10000.000000 10000.000000 10000.000000
10000.000000 10000.000000 10000.000000
10000.000000 10000.000000 10000.000000
