Score: 10.160000 690.000000 -2.838849
10000.000000 10000.000000 10000.000000
10000.000000 10000.000000 10000.000000
10000.000000 10000.000000 10000.000000
10000.000000 10000.000000 10000.000000
10000.000000 10000.000000 10000.000000
10000.000000 10000.000000 10000.000000
10000.000000 10000.000000 10000.000000
10000.000000 10000.000000 10000.000000
10000.000000 10000.000000 10000.000000
10000.000000 10000.000000 10000.000000
10000.000000 10000.000000 10000.000000
10000.000000 10000.000000 10000.000000
10000.000000 10000.000000 10000.000000
10000.000000 10000.000000 10000.000000
10000.000000 10000.000000 10000.000000
10000.000000 10000.000000 10000.000000
13.084000 15.611000 -6.399000
14.459000 19.031000 -5.200000
13.486000 21.771000 -7.596000
14.537000 25.413000 -7.418000
11.804000 28.008000 -8.146000
11.665000 31.736000 -8.079000
8.299000 33.156000 -6.810000
7.648000 36.829000 -6.316000
11.305000 37.419000 -6.576000
12.092000 34.843000 -3.832000
14.237000 31.863000 -4.510000
12.774000 28.740000 -2.923000
13.502000 24.974000 -2.986000
10.656000 22.502000 -3.315000
9.311000 15.740000 -2.546000
9.388000 13.451000 0.455000
7.335000 10.223000 0.486000
4.468000 11.846000 -1.359000
4.476000 15.243000 0.409000
5.968000 18.519000 -0.849000
7.897000 20.850000 1.299000
9.429000 24.235000 0.705000
12.393000 26.153000 2.094000
14.431000 29.186000 1.169000
16.857000 28.143000 -1.568000
19.900000 29.840000 0.036000
21.879000 28.003000 2.666000
22.063000 29.716000 6.073000
25.844000 29.134000 6.291000
26.953000 30.523000 2.942000
26.257000 31.389000 -0.614000
24.972000 28.036000 -1.812000
21.683000 26.913000 -3.406000
18.355000 22.958000 -4.986000
21.864000 22.048000 -6.195000
22.350000 19.843000 -3.176000
21.436000 16.290000 -2.400000
18.091000 15.282000 -0.981000
18.201000 12.022000 0.981000
10000.000000 10000.000000 10000.000000
10000.000000 10000.000000 10000.000000
14.887000 11.224000 2.569000
13.935000 14.347000 4.553000
17.453000 15.765000 4.785000
18.785000 18.164000 2.246000
22.577000 18.395000 2.024000
23.967000 21.790000 0.963000
26.210000 21.678000 -2.154000
29.038000 23.173000 -0.030000
30.378000 21.962000 3.276000
28.278000 18.960000 4.109000
25.716000 20.979000 6.058000
22.269000 19.339000 6.256000
18.750000 20.576000 7.076000
15.546000 18.746000 7.758000
13.214000 19.918000 4.960000
10.001000 19.569000 7.023000
10000.000000 10000.000000 10000.000000
10000.000000 10000.000000 10000.000000
10000.000000 10000.000000 10000.000000
10000.000000 10000.000000 10000.000000
10000.000000 10000.000000 10000.000000
10000.000000 10000.000000 10000.000000
10000.000000 10000.000000 10000.000000
10000.000000 10000.000000 10000.000000
10000.000000 10000.000000 10000.000000
10000.000000 10000.000000 10000.000000
10000.000000 10000.000000 10000.000000
10000.000000 10000.000000 10000.000000
