Score: 42.700000 0.000050 4.301030
10000.000000 10000.000000 10000.000000
61.444000 52.658000 61.881000
63.319000 52.314000 58.584000
63.855000 48.830000 57.137000
65.446000 47.408000 53.969000
64.469000 43.935000 52.750000
62.714000 43.050000 56.003000
65.583000 44.162000 58.230000
65.705000 47.136000 60.591000
68.301000 49.740000 59.705000
67.083000 52.651000 61.839000
64.806000 53.589000 64.740000
64.805000 57.334000 65.281000
62.446000 59.707000 67.059000
59.773000 61.221000 64.828000
60.424000 64.605000 66.506000
63.562000 66.637000 65.718000
65.253000 68.678000 62.989000
67.013000 64.669000 58.661000
67.620000 62.553000 55.554000
68.286000 58.803000 55.777000
69.456000 56.546000 52.924000
69.419000 52.746000 52.943000
70.512000 50.073000 50.474000
67.624000 47.905000 49.378000
67.124000 45.258000 46.721000
65.803000 54.893000 49.090000
66.180000 58.176000 50.952000
63.573000 59.017000 53.582000
63.133000 62.456000 55.072000
61.980000 63.222000 58.578000
60.947000 66.845000 59.159000
58.264000 68.781000 61.038000
57.147000 65.526000 62.640000
56.424000 63.809000 59.320000
58.164000 61.196000 57.199000
58.225000 60.768000 53.427000
60.291000 59.243000 50.619000
62.557000 61.851000 49.031000
63.893000 59.480000 46.355000
64.084000 55.756000 45.571000
64.959000 53.544000 42.584000
63.056000 53.725000 39.268000
59.579000 52.239000 39.580000
59.172000 53.115000 43.267000
10000.000000 10000.000000 10000.000000
56.071000 55.301000 43.336000
56.500000 55.363000 47.116000
58.131000 58.769000 46.482000
54.663000 60.075000 45.536000
53.196000 58.638000 48.741000
52.082000 61.475000 51.034000
53.898000 62.117000 54.385000
53.009000 59.973000 57.400000
52.965000 61.346000 60.962000
50.925000 58.985000 63.174000
51.987000 55.591000 64.621000
50.816000 52.386000 62.975000
51.049000 53.803000 59.469000
53.923000 53.679000 56.953000
55.251000 54.111000 53.396000
56.479000 50.927000 51.707000
58.669000 50.823000 48.568000
57.832000 47.662000 46.574000
60.647000 47.989000 44.058000
63.516000 48.681000 46.483000
62.023000 46.625000 49.341000
62.464000 49.476000 51.816000
59.958000 51.055000 54.199000
59.553000 53.714000 56.889000
56.970000 53.012000 59.612000
55.866000 55.316000 62.450000
55.567000 53.446000 65.761000
55.143000 53.936000 69.501000
58.189000 52.283000 71.096000
57.461000 51.640000 74.779000
60.852000 51.354000 76.493000
10000.000000 10000.000000 10000.000000
10000.000000 10000.000000 10000.000000
10000.000000 10000.000000 10000.000000
10000.000000 10000.000000 10000.000000
10000.000000 10000.000000 10000.000000
10000.000000 10000.000000 10000.000000
10000.000000 10000.000000 10000.000000
10000.000000 10000.000000 10000.000000
