Score: 26.500000 3.500000 -0.544068
-79.454000 77.163000 152.908000
-82.937000 75.909000 153.786000
-84.217000 76.855000 150.324000
-81.239000 75.318000 148.507000
-81.490000 72.109000 150.539000
-85.228000 71.873000 149.851000
-84.555000 72.228000 146.125000
-81.839000 69.566000 146.229000
-84.106000 67.124000 148.060000
-86.915000 67.805000 145.585000
-83.266000 63.941000 144.312000
-86.813000 62.638000 144.719000
-87.590000 63.604000 141.118000
-84.628000 61.618000 139.787000
-85.299000 58.628000 142.064000
-88.945000 58.403000 140.993000
-87.759000 58.873000 137.404000
-85.483000 55.843000 137.747000
-88.259000 53.724000 139.256000
-90.671000 54.784000 136.499000
-87.956000 54.027000 133.938000
-87.630000 50.468000 135.224000
-91.390000 49.903000 135.459000
-92.184000 51.318000 132.013000
-89.287000 49.525000 130.301000
-90.436000 46.267000 131.891000
-93.998000 46.873000 130.683000
-93.012000 47.779000 127.108000
-90.786000 44.705000 126.836000
-93.368000 42.381000 128.399000
-96.189000 43.583000 126.134000
-94.166000 42.442000 123.118000
-92.629000 39.281000 124.585000
-96.194000 38.151000 125.278000
-96.686000 38.188000 121.505000
-93.266000 36.769000 120.634000
10000.000000 10000.000000 10000.000000
-93.521000 33.760000 122.954000
-97.042000 33.187000 121.645000
-95.902000 32.385000 118.117000
-92.593000 30.939000 119.310000
-94.557000 28.328000 121.253000
-96.598000 27.514000 118.151000
-93.495000 27.212000 115.968000
-91.655000 25.093000 118.538000
-94.694000 22.847000 118.982000
-94.702000 22.161000 115.239000
-90.985000 21.323000 115.219000
-90.960000 18.473000 117.736000
-93.889000 17.141000 115.723000
-91.699000 17.255000 112.614000
-88.971000 15.353000 114.463000
-91.468000 12.724000 115.622000
-92.801000 12.409000 112.070000
-89.247000 11.976000 110.779000
-88.652000 9.189000 113.305000
-91.948000 7.563000 112.301000
10000.000000 10000.000000 10000.000000
10000.000000 10000.000000 10000.000000
-91.175000 7.726000 108.578000
-87.728000 6.214000 109.131000
-89.155000 3.452000 111.334000
10000.000000 10000.000000 10000.000000
10000.000000 10000.000000 10000.000000
10000.000000 10000.000000 10000.000000
-91.667000 2.643000 108.593000
-89.039000 2.834000 105.846000
-86.939000 0.178000 107.575000
-89.854000 -2.258000 107.865000
-90.667000 -1.550000 104.223000
-87.063000 -2.437000 103.388000
-87.481000 -5.700000 105.306000
-90.664000 -6.723000 103.480000
-89.147000 -5.672000 100.151000
-86.079000 -7.750000 101.016000
-88.288000 -10.791000 101.601000
-90.110000 -10.211000 98.306000
-86.918000 -9.791000 96.265000
-85.542000 -12.858000 98.039000
-88.535000 -14.838000 96.789000
-88.040000 -13.247000 93.364000
-84.440000 -14.366000 92.869000
-85.406000 -18.018000 93.279000
10000.000000 10000.000000 10000.000000
10000.000000 10000.000000 10000.000000
