Score: 15.700000 7220.000000 -3.858537
10000.000000 10000.000000 10000.000000
10000.000000 10000.000000 10000.000000
10000.000000 10000.000000 10000.000000
10000.000000 10000.000000 10000.000000
10000.000000 10000.000000 10000.000000
10000.000000 10000.000000 10000.000000
10000.000000 10000.000000 10000.000000
10000.000000 10000.000000 10000.000000
10000.000000 10000.000000 10000.000000
10000.000000 10000.000000 10000.000000
15.481000 30.557000 -19.897000
14.403000 31.806000 -16.496000
12.304000 29.730000 -14.137000
11.089000 30.662000 -10.699000
10.373000 28.164000 -7.932000
8.009000 29.521000 -5.276000
4.892000 28.255000 -0.023000
3.038000 27.312000 3.152000
6.253000 27.124000 5.160000
6.633000 30.755000 6.240000
9.696000 30.908000 3.988000
10.381000 34.534000 4.920000
11.180000 35.658000 8.465000
11.853000 39.021000 10.127000
15.403000 39.349000 8.833000
15.862000 36.442000 6.444000
14.488000 33.297000 4.837000
14.857000 29.530000 5.169000
10000.000000 10000.000000 10000.000000
10000.000000 10000.000000 10000.000000
17.185000 29.362000 2.159000
19.561000 32.255000 2.883000
19.870000 31.284000 6.565000
20.709000 27.670000 5.694000
17.567000 26.327000 7.395000
16.871000 24.375000 4.194000
19.437000 23.246000 1.650000
18.590000 22.825000 -2.015000
20.167000 20.488000 -4.541000
19.472000 19.760000 -8.198000
19.542000 16.009000 -8.780000
30.422000 16.195000 -19.801000
31.814000 18.261000 -16.930000
30.713000 18.518000 -13.286000
29.027000 21.810000 -14.244000
23.466000 24.059000 -17.317000
21.784000 25.693000 -14.329000
22.834000 28.830000 -12.460000
21.499000 30.770000 -9.484000
21.034000 34.561000 -9.395000
24.747000 35.178000 -8.813000
26.228000 32.865000 -11.411000
26.870000 29.847000 -9.222000
26.552000 26.863000 -11.567000
24.647000 23.900000 -10.169000
26.416000 20.534000 -10.054000
24.366000 17.316000 -9.994000
23.777000 16.164000 -6.433000
25.821000 19.029000 -5.008000
24.159000 21.462000 -2.609000
23.646000 25.040000 -3.817000
25.456000 27.737000 -1.810000
23.319000 29.791000 0.539000
23.084000 33.410000 -0.629000
20.902000 36.431000 0.187000
10000.000000 10000.000000 10000.000000
10000.000000 10000.000000 10000.000000
10000.000000 10000.000000 10000.000000
10000.000000 10000.000000 10000.000000
10000.000000 10000.000000 10000.000000
10000.000000 10000.000000 10000.000000
10000.000000 10000.000000 10000.000000
10000.000000 10000.000000 10000.000000
10000.000000 10000.000000 10000.000000
10000.000000 10000.000000 10000.000000
10000.000000 10000.000000 10000.000000
10000.000000 10000.000000 10000.000000
10000.000000 10000.000000 10000.000000
10000.000000 10000.000000 10000.000000
10000.000000 10000.000000 10000.000000
10000.000000 10000.000000 10000.000000
10000.000000 10000.000000 10000.000000
10000.000000 10000.000000 10000.000000
10000.000000 10000.000000 10000.000000
10000.000000 10000.000000 10000.000000
