Score: 18.000000 1221.000000 -3.086716
10000.000000 10000.000000 10000.000000
10000.000000 10000.000000 10000.000000
10000.000000 10000.000000 10000.000000
10000.000000 10000.000000 10000.000000
10000.000000 10000.000000 10000.000000
10000.000000 10000.000000 10000.000000
10000.000000 10000.000000 10000.000000
10000.000000 10000.000000 10000.000000
10000.000000 10000.000000 10000.000000
10000.000000 10000.000000 10000.000000
10000.000000 10000.000000 10000.000000
10000.000000 10000.000000 10000.000000
10000.000000 10000.000000 10000.000000
10000.000000 10000.000000 10000.000000
10000.000000 10000.000000 10000.000000
10000.000000 10000.000000 10000.000000
10000.000000 10000.000000 10000.000000
10000.000000 10000.000000 10000.000000
10000.000000 10000.000000 10000.000000
10000.000000 10000.000000 10000.000000
10000.000000 10000.000000 10000.000000
-9.711000 -2.978000 127.774000
-8.629000 -6.604000 127.617000
-10.952000 -9.595000 127.892000
-8.028000 -11.866000 128.680000
-5.172000 -11.768000 131.152000
-2.890000 -8.744000 131.116000
0.833000 -9.275000 131.545000
3.533000 -6.642000 131.790000
7.211000 -7.414000 132.258000
9.878000 -4.732000 132.373000
13.598000 -5.403000 132.805000
14.562000 -1.801000 133.556000
12.821000 0.773000 135.762000
9.144000 1.737000 135.723000
7.957000 5.259000 136.565000
4.292000 6.258000 136.358000
2.928000 9.754000 137.018000
-0.769000 10.600000 137.289000
-1.549000 14.302000 137.630000
-5.265000 13.747000 138.119000
-6.876000 11.028000 140.229000
10000.000000 10000.000000 10000.000000
10000.000000 10000.000000 10000.000000
10000.000000 10000.000000 10000.000000
10000.000000 10000.000000 10000.000000
10000.000000 10000.000000 10000.000000
10000.000000 10000.000000 10000.000000
10000.000000 10000.000000 10000.000000
10000.000000 10000.000000 10000.000000
10000.000000 10000.000000 10000.000000
-5.617000 7.476000 140.491000
-8.044000 4.608000 141.041000
-7.554000 0.862000 141.228000
-9.979000 -2.002000 141.719000
-9.704000 -5.766000 141.597000
-12.449000 -8.332000 142.217000
-9.984000 -11.042000 143.205000
-6.782000 -10.974000 145.246000
-3.660000 -8.841000 145.210000
-0.088000 -9.888000 145.807000
2.506000 -7.160000 145.914000
6.135000 -8.202000 146.413000
8.978000 -5.702000 146.512000
12.468000 -7.132000 146.995000
14.087000 -3.740000 147.542000
12.509000 -1.114000 149.786000
9.174000 0.702000 150.098000
8.790000 4.453000 150.689000
5.176000 5.615000 150.636000
4.156000 9.220000 151.298000
0.680000 10.743000 151.629000
0.771000 14.543000 151.539000
-2.910000 14.478000 152.555000
-5.017000 12.190000 154.758000
-4.436000 8.432000 154.506000
-6.855000 5.691000 155.580000
-7.073000 1.897000 155.245000
-9.893000 -0.555000 156.038000
-9.796000 -4.345000 156.192000
-13.385000 -5.594000 156.263000
-11.915000 -8.914000 157.327000
10000.000000 10000.000000 10000.000000
10000.000000 10000.000000 10000.000000
10000.000000 10000.000000 10000.000000
