Score: 22.600000 49.000000 -1.690196
10000.000000 10000.000000 10000.000000
10000.000000 10000.000000 10000.000000
10000.000000 10000.000000 10000.000000
10000.000000 10000.000000 10000.000000
10000.000000 10000.000000 10000.000000
10000.000000 10000.000000 10000.000000
10000.000000 10000.000000 10000.000000
10000.000000 10000.000000 10000.000000
10000.000000 10000.000000 10000.000000
10000.000000 10000.000000 10000.000000
10000.000000 10000.000000 10000.000000
10000.000000 10000.000000 10000.000000
10000.000000 10000.000000 10000.000000
10000.000000 10000.000000 10000.000000
10000.000000 10000.000000 10000.000000
10000.000000 10000.000000 10000.000000
10000.000000 10000.000000 10000.000000
10000.000000 10000.000000 10000.000000
10000.000000 10000.000000 10000.000000
10000.000000 10000.000000 10000.000000
10000.000000 10000.000000 10000.000000
10000.000000 10000.000000 10000.000000
74.568000 58.997000 8.445000
74.157000 62.495000 9.881000
76.970000 64.534000 11.409000
76.778000 64.304000 15.206000
74.498000 62.648000 17.746000
70.756000 61.969000 17.618000
68.664000 61.235000 20.685000
65.159000 59.794000 20.619000
63.072000 59.819000 23.799000
59.443000 59.193000 24.806000
59.072000 56.506000 22.145000
58.523000 53.362000 24.237000
55.569000 52.541000 21.963000
58.163000 51.408000 19.405000
58.747000 48.327000 21.569000
55.189000 47.001000 21.241000
54.840000 47.039000 17.449000
55.113000 44.083000 15.043000
10000.000000 10000.000000 10000.000000
10000.000000 10000.000000 10000.000000
10000.000000 10000.000000 10000.000000
58.485000 43.592000 16.689000
60.373000 45.572000 19.327000
61.519000 48.229000 16.851000
64.106000 49.790000 19.109000
65.854000 46.465000 19.683000
65.549000 45.666000 15.959000
66.986000 48.966000 14.733000
69.802000 48.969000 17.294000
70.730000 45.408000 16.415000
70.782000 46.117000 12.683000
72.606000 49.434000 12.983000
75.386000 47.886000 15.069000
75.689000 45.112000 12.498000
76.226000 47.793000 9.858000
78.945000 49.524000 11.896000
76.917000 52.278000 13.538000
77.352000 53.260000 17.193000
73.774000 52.873000 18.351000
72.564000 52.517000 21.939000
69.149000 51.594000 23.346000
67.180000 53.481000 26.015000
63.994000 52.140000 27.554000
62.092000 54.848000 25.629000
64.357000 55.359000 22.635000
67.845000 55.368000 21.163000
71.130000 57.216000 21.058000
72.770000 57.262000 17.625000
79.373000 55.399000 8.208000
77.160000 52.505000 7.170000
79.058000 49.350000 6.227000
77.852000 46.476000 4.081000
76.651000 43.445000 6.025000
73.604000 41.406000 7.003000
70.671000 42.284000 9.254000
67.399000 40.712000 10.298000
64.018000 42.309000 9.561000
62.538000 40.556000 12.596000
59.524000 39.996000 10.266000
10000.000000 10000.000000 10000.000000
10000.000000 10000.000000 10000.000000
10000.000000 10000.000000 10000.000000
10000.000000 10000.000000 10000.000000
