Score: 23.000000 43.000000 -1.633468
10000.000000 10000.000000 10000.000000
10000.000000 10000.000000 10000.000000
-40.372000 27.367000 46.415000
-39.136000 29.680000 43.681000
-36.315000 29.321000 41.136000
-35.111000 32.881000 40.447000
-38.652000 34.093000 41.126000
-40.695000 31.529000 39.233000
-43.207000 29.610000 41.312000
-41.606000 26.250000 40.563000
-43.693000 24.925000 43.444000
-46.766000 26.392000 45.094000
-48.665000 24.984000 48.033000
-52.394000 25.542000 48.586000
10000.000000 10000.000000 10000.000000
10000.000000 10000.000000 10000.000000
-52.323000 25.103000 52.362000
-48.894000 26.050000 53.814000
-46.620000 23.000000 53.773000
-44.562000 21.745000 56.666000
-40.838000 21.702000 55.978000
-38.859000 20.089000 58.846000
-35.733000 22.130000 59.734000
-33.337000 19.225000 60.405000
-29.611000 19.698000 61.230000
-29.360000 15.948000 61.784000
-29.646000 15.176000 58.057000
-27.462000 16.330000 55.169000
-29.608000 16.547000 51.993000
-32.684000 18.592000 51.134000
-35.316000 15.891000 50.763000
-38.571000 16.366000 48.837000
-41.157000 13.900000 47.591000
-40.179000 11.894000 44.456000
-41.456000 14.509000 42.039000
-44.277000 16.979000 41.430000
-38.712000 18.910000 39.566000
-36.990000 22.121000 40.621000
-34.152000 20.519000 38.669000
-36.370000 20.695000 35.573000
-36.937000 24.386000 36.253000
-33.408000 25.181000 37.458000
-31.069000 22.681000 35.836000
-32.070000 22.666000 32.097000
-30.145000 19.381000 31.854000
-29.675000 16.975000 34.761000
-29.401000 13.355000 33.716000
-30.706000 11.989000 37.066000
-28.855000 8.937000 38.361000
-29.107000 6.021000 40.795000
-28.479000 8.790000 43.341000
-30.080000 12.167000 42.639000
-29.753000 14.783000 39.918000
-26.206000 15.071000 38.561000
10000.000000 10000.000000 10000.000000
10000.000000 10000.000000 10000.000000
10000.000000 10000.000000 10000.000000
10000.000000 10000.000000 10000.000000
10000.000000 10000.000000 10000.000000
10000.000000 10000.000000 10000.000000
10000.000000 10000.000000 10000.000000
10000.000000 10000.000000 10000.000000
10000.000000 10000.000000 10000.000000
10000.000000 10000.000000 10000.000000
10000.000000 10000.000000 10000.000000
10000.000000 10000.000000 10000.000000
10000.000000 10000.000000 10000.000000
10000.000000 10000.000000 10000.000000
10000.000000 10000.000000 10000.000000
10000.000000 10000.000000 10000.000000
10000.000000 10000.000000 10000.000000
10000.000000 10000.000000 10000.000000
10000.000000 10000.000000 10000.000000
10000.000000 10000.000000 10000.000000
10000.000000 10000.000000 10000.000000
10000.000000 10000.000000 10000.000000
10000.000000 10000.000000 10000.000000
10000.000000 10000.000000 10000.000000
10000.000000 10000.000000 10000.000000
10000.000000 10000.000000 10000.000000
10000.000000 10000.000000 10000.000000
10000.000000 10000.000000 10000.000000
10000.000000 10000.000000 10000.000000
10000.000000 10000.000000 10000.000000
10000.000000 10000.000000 10000.000000
