Score: 23.000000 46.000000 -1.662758
10000.000000 10000.000000 10000.000000
10000.000000 10000.000000 10000.000000
10000.000000 10000.000000 10000.000000
10000.000000 10000.000000 10000.000000
10000.000000 10000.000000 10000.000000
10000.000000 10000.000000 10000.000000
2.459000 23.676000 35.795000
5.210000 25.181000 33.599000
4.715000 22.427000 30.983000
1.119000 23.528000 30.420000
1.958000 27.236000 29.977000
3.937000 26.277000 26.863000
0.930000 24.644000 25.166000
-0.995000 27.847000 25.937000
1.621000 30.330000 24.634000
1.265000 33.962000 25.705000
-2.404000 34.820000 24.974000
-3.715000 31.342000 24.150000
-2.484000 30.962000 20.567000
-0.349000 27.809000 21.045000
-3.422000 25.731000 21.777000
10000.000000 10000.000000 10000.000000
10000.000000 10000.000000 10000.000000
10000.000000 10000.000000 10000.000000
10000.000000 10000.000000 10000.000000
-5.364000 27.779000 19.222000
-3.057000 26.229000 16.601000
-2.915000 22.697000 17.961000
-6.722000 22.846000 18.153000
-7.437000 24.417000 14.748000
-4.604000 22.376000 13.170000
-5.082000 18.803000 14.442000
-8.907000 18.682000 14.542000
-8.805000 17.379000 18.121000
-10.931000 18.382000 21.069000
-8.323000 19.704000 23.478000
-9.077000 20.611000 27.066000
-6.759000 21.877000 29.796000
-8.202000 21.756000 33.341000
-7.605000 25.227000 34.821000
-6.622000 26.561000 38.240000
-3.011000 26.894000 39.399000
-2.720000 23.205000 40.212000
0.784000 21.619000 40.104000
-0.571000 18.743000 37.978000
-2.962000 19.490000 35.082000
-4.809000 17.202000 32.702000
-4.884000 17.912000 28.970000
-7.511000 15.717000 27.436000
-7.227000 14.807000 23.787000
-10.382000 13.710000 22.065000
-11.259000 12.762000 18.456000
-10.281000 10.208000 15.754000
10000.000000 10000.000000 10000.000000
10000.000000 10000.000000 10000.000000
10000.000000 10000.000000 10000.000000
10000.000000 10000.000000 10000.000000
10000.000000 10000.000000 10000.000000
10000.000000 10000.000000 10000.000000
10000.000000 10000.000000 10000.000000
10000.000000 10000.000000 10000.000000
10000.000000 10000.000000 10000.000000
10000.000000 10000.000000 10000.000000
10000.000000 10000.000000 10000.000000
10000.000000 10000.000000 10000.000000
10000.000000 10000.000000 10000.000000
10000.000000 10000.000000 10000.000000
10000.000000 10000.000000 10000.000000
10000.000000 10000.000000 10000.000000
10000.000000 10000.000000 10000.000000
10000.000000 10000.000000 10000.000000
10000.000000 10000.000000 10000.000000
10000.000000 10000.000000 10000.000000
10000.000000 10000.000000 10000.000000
10000.000000 10000.000000 10000.000000
10000.000000 10000.000000 10000.000000
10000.000000 10000.000000 10000.000000
10000.000000 10000.000000 10000.000000
10000.000000 10000.000000 10000.000000
10000.000000 10000.000000 10000.000000
10000.000000 10000.000000 10000.000000
10000.000000 10000.000000 10000.000000
10000.000000 10000.000000 10000.000000
10000.000000 10000.000000 10000.000000
10000.000000 10000.000000 10000.000000
