Score: 22.600000 53.000000 -1.724276
10000.000000 10000.000000 10000.000000
10000.000000 10000.000000 10000.000000
45.434000 43.466000 -51.869000
42.545000 41.283000 -50.705000
39.594000 39.883000 -52.620000
37.615000 43.149000 -52.760000
40.654000 45.134000 -54.052000
43.109000 47.542000 -52.384000
43.122000 46.613000 -48.692000
43.847000 50.161000 -47.607000
40.138000 51.011000 -48.051000
39.050000 48.651000 -45.234000
42.308000 47.683000 -43.449000
44.734000 50.563000 -42.803000
46.491000 49.188000 -39.704000
50.071000 50.117000 -38.958000
50.745000 46.402000 -38.598000
54.301000 46.754000 -37.285000
53.089000 49.092000 -34.501000
50.234000 46.595000 -33.748000
52.647000 43.683000 -33.297000
55.072000 45.732000 -31.207000
52.137000 46.419000 -28.875000
51.683000 42.672000 -28.446000
55.376000 42.518000 -27.460000
56.630000 41.127000 -30.786000
59.807000 41.913000 -32.691000
58.999000 43.358000 -36.107000
61.206000 43.625000 -39.192000
59.115000 46.016000 -41.327000
59.401000 46.977000 -44.974000
61.460000 43.956000 -46.211000
61.776000 43.482000 -49.953000
59.737000 40.266000 -50.465000
61.404000 39.698000 -53.887000
68.546000 35.269000 -39.392000
67.825000 38.411000 -37.258000
64.543000 36.758000 -36.125000
66.464000 33.708000 -34.969000
68.459000 36.022000 -32.649000
65.376000 37.762000 -31.213000
64.176000 37.578000 -27.608000
60.549000 38.074000 -28.878000
58.284000 36.321000 -31.394000
58.949000 37.921000 -34.776000
56.911000 39.304000 -37.656000
58.743000 39.825000 -40.956000
56.752000 42.209000 -43.215000
57.585000 41.084000 -46.767000
56.487000 43.648000 -49.363000
55.376000 41.656000 -52.371000
56.169000 37.493000 -62.452000
52.908000 37.364000 -64.408000
53.307000 39.257000 -67.736000
50.146000 41.390000 -67.484000
48.247000 40.464000 -64.363000
50.821000 41.082000 -61.564000
49.652000 43.475000 -58.803000
10000.000000 10000.000000 10000.000000
10000.000000 10000.000000 10000.000000
10000.000000 10000.000000 10000.000000
10000.000000 10000.000000 10000.000000
10000.000000 10000.000000 10000.000000
10000.000000 10000.000000 10000.000000
10000.000000 10000.000000 10000.000000
10000.000000 10000.000000 10000.000000
10000.000000 10000.000000 10000.000000
10000.000000 10000.000000 10000.000000
10000.000000 10000.000000 10000.000000
10000.000000 10000.000000 10000.000000
10000.000000 10000.000000 10000.000000
10000.000000 10000.000000 10000.000000
10000.000000 10000.000000 10000.000000
10000.000000 10000.000000 10000.000000
10000.000000 10000.000000 10000.000000
10000.000000 10000.000000 10000.000000
10000.000000 10000.000000 10000.000000
10000.000000 10000.000000 10000.000000
10000.000000 10000.000000 10000.000000
10000.000000 10000.000000 10000.000000
10000.000000 10000.000000 10000.000000
10000.000000 10000.000000 10000.000000
10000.000000 10000.000000 10000.000000
10000.000000 10000.000000 10000.000000
10000.000000 10000.000000 10000.000000
