Score: 10.280000 650.000000 -2.812913
10000.000000 10000.000000 10000.000000
10000.000000 10000.000000 10000.000000
10000.000000 10000.000000 10000.000000
10000.000000 10000.000000 10000.000000
10000.000000 10000.000000 10000.000000
10000.000000 10000.000000 10000.000000
10000.000000 10000.000000 10000.000000
10000.000000 10000.000000 10000.000000
10000.000000 10000.000000 10000.000000
10000.000000 10000.000000 10000.000000
10000.000000 10000.000000 10000.000000
10000.000000 10000.000000 10000.000000
10000.000000 10000.000000 10000.000000
10000.000000 10000.000000 10000.000000
10000.000000 10000.000000 10000.000000
10000.000000 10000.000000 10000.000000
4.792000 0.399000 7.657000
2.644000 -1.122000 4.927000
2.925000 -3.727000 2.185000
0.828000 -4.755000 -0.803000
-1.266000 -7.896000 -0.897000
-3.016000 -9.546000 -3.822000
-6.599000 -8.838000 -2.823000
-8.813000 -10.853000 -5.170000
-8.230000 -8.854000 -8.367000
-6.263000 -5.822000 -7.218000
-3.093000 -5.167000 -5.224000
-3.749000 -3.143000 -2.091000
-1.204000 -1.621000 0.279000
-2.010000 -1.110000 3.953000
-0.537000 1.976000 5.608000
-0.315000 1.489000 9.355000
-4.336000 1.773000 16.237000
-6.860000 -0.105000 14.115000
-7.391000 2.821000 11.765000
-5.155000 1.997000 8.830000
-5.163000 2.975000 5.167000
-5.621000 0.159000 2.692000
-5.490000 1.674000 -0.777000
-4.061000 0.913000 -4.205000
-0.678000 2.625000 -3.988000
1.739000 0.542000 -6.032000
4.728000 1.585000 -8.123000
4.648000 0.002000 -11.621000
8.446000 -0.304000 -11.549000
8.508000 -2.286000 -8.298000
5.118000 -4.050000 -8.232000
5.100000 -3.442000 -4.470000
5.251000 4.196000 -2.477000
3.714000 3.154000 0.834000
6.983000 2.485000 2.652000
7.966000 6.121000 2.283000
7.827000 8.885000 4.864000
4.479000 8.729000 6.611000
4.093000 12.085000 8.324000
1.795000 15.064000 8.726000
-3.313000 18.657000 8.994000
-3.685000 15.088000 7.807000
-1.580000 11.990000 7.221000
0.519000 12.106000 4.066000
3.105000 9.776000 2.588000
6.219000 11.265000 1.034000
7.254000 9.164000 -1.942000
10.942000 8.144000 -1.691000
11.278000 8.044000 -5.476000
8.590000 10.279000 -6.976000
8.611000 12.625000 -3.943000
4.966000 13.645000 -4.566000
2.968000 13.897000 -1.334000
0.060000 11.477000 -1.270000
-2.653000 12.136000 1.291000
-3.327000 8.620000 2.575000
-7.133000 8.560000 2.456000
10000.000000 10000.000000 10000.000000
10000.000000 10000.000000 10000.000000
10000.000000 10000.000000 10000.000000
10000.000000 10000.000000 10000.000000
10000.000000 10000.000000 10000.000000
10000.000000 10000.000000 10000.000000
10000.000000 10000.000000 10000.000000
10000.000000 10000.000000 10000.000000
10000.000000 10000.000000 10000.000000
10000.000000 10000.000000 10000.000000
10000.000000 10000.000000 10000.000000
10000.000000 10000.000000 10000.000000
