Score: 23.000000 42.000000 -1.623249
10000.000000 10000.000000 10000.000000
10000.000000 10000.000000 10000.000000
10000.000000 10000.000000 10000.000000
10000.000000 10000.000000 10000.000000
10000.000000 10000.000000 10000.000000
10000.000000 10000.000000 10000.000000
10000.000000 10000.000000 10000.000000
10000.000000 10000.000000 10000.000000
10000.000000 10000.000000 10000.000000
10000.000000 10000.000000 10000.000000
10000.000000 10000.000000 10000.000000
10000.000000 10000.000000 10000.000000
10000.000000 10000.000000 10000.000000
10000.000000 10000.000000 10000.000000
10000.000000 10000.000000 10000.000000
10000.000000 10000.000000 10000.000000
10000.000000 10000.000000 10000.000000
10000.000000 10000.000000 10000.000000
10000.000000 10000.000000 10000.000000
8.487000 44.374000 48.492000
11.682000 43.575000 46.537000
11.080000 40.875000 43.869000
14.453000 39.595000 42.606000
15.920000 37.714000 39.652000
19.313000 36.306000 38.728000
22.103000 38.907000 39.050000
20.142000 41.335000 41.248000
21.855000 42.587000 44.387000
20.415000 44.190000 47.541000
22.339000 45.706000 50.443000
22.068000 44.632000 54.047000
23.984000 47.452000 55.702000
27.342000 47.383000 53.881000
26.900000 43.686000 52.973000
26.049000 42.672000 49.444000
23.353000 40.059000 48.800000
23.603000 38.557000 45.311000
20.691000 36.546000 43.897000
21.054000 33.264000 42.021000
18.025000 31.799000 40.202000
17.483000 28.140000 41.117000
14.052000 27.016000 39.890000
13.278000 23.358000 40.674000
11.908000 22.823000 44.171000
9.696000 25.837000 43.364000
9.506000 27.634000 40.002000
10.767000 30.802000 41.737000
13.360000 29.533000 44.285000
16.499000 31.625000 44.578000
10000.000000 10000.000000 10000.000000
10000.000000 10000.000000 10000.000000
10000.000000 10000.000000 10000.000000
10000.000000 10000.000000 10000.000000
10000.000000 10000.000000 10000.000000
10000.000000 10000.000000 10000.000000
10000.000000 10000.000000 10000.000000
10000.000000 10000.000000 10000.000000
10000.000000 10000.000000 10000.000000
10000.000000 10000.000000 10000.000000
10000.000000 10000.000000 10000.000000
10000.000000 10000.000000 10000.000000
10000.000000 10000.000000 10000.000000
10000.000000 10000.000000 10000.000000
10000.000000 10000.000000 10000.000000
10000.000000 10000.000000 10000.000000
10000.000000 10000.000000 10000.000000
10000.000000 10000.000000 10000.000000
10000.000000 10000.000000 10000.000000
10000.000000 10000.000000 10000.000000
10000.000000 10000.000000 10000.000000
10000.000000 10000.000000 10000.000000
10000.000000 10000.000000 10000.000000
10000.000000 10000.000000 10000.000000
10000.000000 10000.000000 10000.000000
10000.000000 10000.000000 10000.000000
10000.000000 10000.000000 10000.000000
10000.000000 10000.000000 10000.000000
10000.000000 10000.000000 10000.000000
10000.000000 10000.000000 10000.000000
10000.000000 10000.000000 10000.000000
10000.000000 10000.000000 10000.000000
10000.000000 10000.000000 10000.000000
10000.000000 10000.000000 10000.000000
10000.000000 10000.000000 10000.000000
10000.000000 10000.000000 10000.000000
