Score: 24.600000 14.000000 -1.146128
10000.000000 10000.000000 10000.000000
10000.000000 10000.000000 10000.000000
10000.000000 10000.000000 10000.000000
10000.000000 10000.000000 10000.000000
10000.000000 10000.000000 10000.000000
10000.000000 10000.000000 10000.000000
10000.000000 10000.000000 10000.000000
10000.000000 10000.000000 10000.000000
10000.000000 10000.000000 10000.000000
10000.000000 10000.000000 10000.000000
10000.000000 10000.000000 10000.000000
10000.000000 10000.000000 10000.000000
10000.000000 10000.000000 10000.000000
10000.000000 10000.000000 10000.000000
10000.000000 10000.000000 10000.000000
10000.000000 10000.000000 10000.000000
-12.093000 -46.020000 28.156000
-14.725000 -47.073000 28.632000
-13.106000 -49.782000 30.766000
-12.504000 -50.803000 34.346000
-8.757000 -51.296000 34.107000
-7.047000 -53.737000 36.456000
-3.269000 -53.387000 36.528000
-0.767000 -56.228000 36.367000
2.041000 -56.692000 38.927000
4.892000 -54.701000 37.366000
2.738000 -51.771000 36.175000
2.362000 -48.196000 37.409000
-0.440000 -45.793000 36.431000
1.036000 -42.388000 35.550000
-2.078000 -40.282000 36.258000
-5.859000 -40.454000 36.858000
-7.863000 -40.866000 33.622000
10000.000000 10000.000000 10000.000000
10000.000000 10000.000000 10000.000000
-7.591000 -37.618000 31.645000
-10.144000 -36.470000 29.048000
-9.443000 -37.069000 25.343000
-8.808000 -34.104000 23.035000
-11.849000 -33.250000 20.910000
-11.379000 -30.705000 18.135000
-14.752000 -29.110000 17.234000
10000.000000 10000.000000 10000.000000
-15.520000 -28.349000 13.568000
-13.837000 -25.086000 12.436000
-11.130000 -25.423000 15.105000
-7.634000 -26.897000 15.387000
-4.948000 -27.772000 17.942000
-1.222000 -28.544000 17.680000
0.407000 -31.705000 19.016000
4.156000 -31.605000 19.778000
6.099000 -34.882000 19.408000
3.187000 -36.266000 17.293000
2.929000 -40.047000 16.805000
4.242000 -41.374000 13.501000
1.977000 -43.396000 11.221000
2.381000 -45.652000 8.186000
0.986000 -45.167000 4.660000
-2.452000 -46.211000 5.990000
-2.370000 -43.555000 8.759000
-2.109000 -46.119000 11.624000
0.122000 -45.555000 14.687000
10000.000000 10000.000000 10000.000000
10000.000000 10000.000000 10000.000000
10000.000000 10000.000000 10000.000000
10000.000000 10000.000000 10000.000000
10000.000000 10000.000000 10000.000000
10000.000000 10000.000000 10000.000000
10000.000000 10000.000000 10000.000000
10000.000000 10000.000000 10000.000000
10000.000000 10000.000000 10000.000000
10000.000000 10000.000000 10000.000000
10000.000000 10000.000000 10000.000000
10000.000000 10000.000000 10000.000000
10000.000000 10000.000000 10000.000000
10000.000000 10000.000000 10000.000000
10000.000000 10000.000000 10000.000000
10000.000000 10000.000000 10000.000000
10000.000000 10000.000000 10000.000000
10000.000000 10000.000000 10000.000000
10000.000000 10000.000000 10000.000000
10000.000000 10000.000000 10000.000000
10000.000000 10000.000000 10000.000000
10000.000000 10000.000000 10000.000000
10000.000000 10000.000000 10000.000000
