Score: 13.910000 150.000000 -2.176091
10000.000000 10000.000000 10000.000000
10000.000000 10000.000000 10000.000000
10000.000000 10000.000000 10000.000000
10000.000000 10000.000000 10000.000000
10000.000000 10000.000000 10000.000000
10000.000000 10000.000000 10000.000000
10000.000000 10000.000000 10000.000000
10000.000000 10000.000000 10000.000000
10000.000000 10000.000000 10000.000000
10000.000000 10000.000000 10000.000000
10000.000000 10000.000000 10000.000000
10000.000000 10000.000000 10000.000000
10000.000000 10000.000000 10000.000000
10000.000000 10000.000000 10000.000000
10000.000000 10000.000000 10000.000000
10000.000000 10000.000000 10000.000000
3.286000 41.546000 38.949000
6.807000 40.118000 38.554000
8.440000 38.202000 41.367000
11.930000 38.770000 42.739000
13.729000 35.538000 43.438000
17.102000 35.416000 45.151000
18.545000 31.992000 44.586000
21.901000 31.386000 46.230000
23.754000 30.254000 43.091000
22.653000 33.222000 40.980000
22.487000 36.939000 40.392000
19.207000 38.426000 41.569000
16.467000 37.016000 39.259000
13.135000 38.366000 38.060000
10.246000 36.070000 37.197000
3.303000 37.507000 30.162000
-0.244000 36.514000 29.112000
-0.058000 33.226000 30.996000
3.524000 32.186000 30.050000
6.622000 32.508000 32.300000
9.977000 34.228000 31.550000
13.055000 34.707000 33.742000
15.632000 37.539000 33.497000
18.324000 38.994000 35.722000
16.662000 41.503000 38.096000
19.462000 44.121000 38.255000
18.934000 46.743000 35.517000
21.998000 46.849000 33.220000
21.966000 50.633000 33.376000
22.105000 51.100000 37.130000
17.528000 49.256000 40.346000
15.578000 45.983000 40.303000
13.296000 45.359000 37.369000
10.699000 43.619000 39.624000
10.240000 47.107000 41.249000
9.322000 48.626000 37.852000
6.333000 48.328000 35.610000
5.320000 45.443000 33.415000
3.377000 46.321000 30.329000
10000.000000 10000.000000 10000.000000
10000.000000 10000.000000 10000.000000
2.801000 43.028000 28.558000
6.213000 41.862000 27.256000
7.915000 45.101000 28.319000
9.405000 45.618000 31.782000
10.198000 49.256000 32.572000
12.940000 50.078000 35.065000
11.938000 52.130000 38.143000
14.574000 54.733000 37.057000
15.137000 56.848000 33.922000
12.375000 55.415000 31.727000
14.559000 52.517000 30.653000
12.961000 49.293000 29.456000
13.627000 45.743000 28.278000
11.775000 43.090000 26.337000
11.004000 40.390000 28.957000
10.833000 37.574000 26.386000
10000.000000 10000.000000 10000.000000
10000.000000 10000.000000 10000.000000
10000.000000 10000.000000 10000.000000
10000.000000 10000.000000 10000.000000
10000.000000 10000.000000 10000.000000
10000.000000 10000.000000 10000.000000
10000.000000 10000.000000 10000.000000
10000.000000 10000.000000 10000.000000
10000.000000 10000.000000 10000.000000
10000.000000 10000.000000 10000.000000
10000.000000 10000.000000 10000.000000
10000.000000 10000.000000 10000.000000
