Score: 8.940000 1100.000000 -3.041393
10000.000000 10000.000000 10000.000000
10000.000000 10000.000000 10000.000000
10000.000000 10000.000000 10000.000000
10000.000000 10000.000000 10000.000000
10000.000000 10000.000000 10000.000000
10000.000000 10000.000000 10000.000000
10000.000000 10000.000000 10000.000000
10000.000000 10000.000000 10000.000000
10000.000000 10000.000000 10000.000000
10000.000000 10000.000000 10000.000000
24.530000 4.158000 37.174000
27.050000 6.331000 39.079000
27.005000 9.837000 37.611000
30.278000 11.483000 38.762000
30.488000 15.250000 38.312000
33.168000 17.926000 38.735000
32.005000 20.618000 41.157000
34.059000 23.757000 41.396000
33.981000 26.079000 44.362000
33.410000 29.720000 43.387000
39.510000 30.800000 48.049000
37.036000 32.773000 50.204000
37.212000 32.758000 54.023000
33.977000 31.648000 55.696000
32.054000 34.481000 57.291000
28.600000 35.085000 58.722000
27.527000 31.511000 57.854000
30.794000 29.949000 58.986000
29.736000 26.437000 58.321000
30.619000 27.503000 54.707000
36.292000 21.504000 51.344000
35.533000 18.538000 48.987000
32.405000 19.398000 46.956000
29.467000 16.993000 46.670000
25.834000 17.343000 45.518000
22.994000 18.332000 47.905000
20.026000 18.880000 45.662000
19.540000 18.218000 41.991000
16.777000 19.451000 39.615000
16.782000 18.880000 35.893000
15.435000 21.617000 33.662000
11.719000 21.192000 32.962000
12.351000 22.639000 29.512000
15.848000 21.947000 28.227000
18.224000 18.960000 28.377000
20.131000 20.422000 31.114000
20.321000 20.220000 34.871000
21.382000 22.193000 37.937000
22.921000 20.992000 41.168000
10000.000000 10000.000000 10000.000000
10000.000000 10000.000000 10000.000000
10000.000000 10000.000000 10000.000000
10000.000000 10000.000000 10000.000000
23.173000 22.844000 44.445000
26.462000 21.699000 46.029000
27.256000 21.528000 49.780000
29.047000 24.824000 49.587000
26.247000 26.956000 48.249000
27.276000 26.789000 44.584000
24.580000 26.177000 41.982000
26.131000 24.813000 38.815000
24.434000 23.908000 35.538000
25.321000 20.755000 33.577000
24.906000 19.350000 30.062000
25.262000 15.592000 30.739000
28.521000 15.783000 32.781000
30.232000 18.788000 31.310000
29.573000 21.818000 33.568000
28.191000 24.776000 31.604000
28.395000 27.756000 33.897000
28.627000 28.087000 37.695000
26.173000 30.776000 38.740000
27.827000 33.847000 40.255000
10000.000000 10000.000000 10000.000000
10000.000000 10000.000000 10000.000000
10000.000000 10000.000000 10000.000000
10000.000000 10000.000000 10000.000000
10000.000000 10000.000000 10000.000000
10000.000000 10000.000000 10000.000000
10000.000000 10000.000000 10000.000000
10000.000000 10000.000000 10000.000000
10000.000000 10000.000000 10000.000000
10000.000000 10000.000000 10000.000000
10000.000000 10000.000000 10000.000000
10000.000000 10000.000000 10000.000000
