Score: 22.300000 64.000000 -1.806180
10000.000000 10000.000000 10000.000000
10000.000000 10000.000000 10000.000000
10000.000000 10000.000000 10000.000000
10000.000000 10000.000000 10000.000000
10000.000000 10000.000000 10000.000000
10000.000000 10000.000000 10000.000000
10000.000000 10000.000000 10000.000000
10000.000000 10000.000000 10000.000000
10000.000000 10000.000000 10000.000000
10000.000000 10000.000000 10000.000000
10000.000000 10000.000000 10000.000000
19.503000 -13.955000 12.700000
17.885000 -14.451000 9.325000
18.738000 -16.547000 6.289000
18.682000 -13.763000 3.651000
22.210000 -14.672000 2.475000
23.095000 -18.010000 4.066000
21.184000 -21.258000 3.733000
19.980000 -22.080000 7.285000
16.245000 -21.538000 6.838000
14.215000 -24.591000 7.840000
10.773000 -26.204000 7.347000
8.667000 -27.752000 10.117000
5.513000 -29.676000 10.591000
3.663000 -29.273000 13.863000
1.601000 -32.502000 13.991000
-1.927000 -32.912000 15.425000
10000.000000 10000.000000 10000.000000
10000.000000 10000.000000 10000.000000
10000.000000 10000.000000 10000.000000
10000.000000 10000.000000 10000.000000
-0.501000 -34.820000 18.418000
1.846000 -31.985000 19.427000
5.178000 -32.768000 17.748000
7.333000 -30.025000 16.257000
9.251000 -31.985000 13.622000
11.925000 -30.435000 11.411000
11.175000 -31.799000 7.920000
13.853000 -30.045000 5.837000
16.547000 -27.374000 6.031000
19.098000 -25.350000 4.022000
17.771000 -19.207000 1.718000
14.904000 -17.356000 3.383000
11.905000 -19.664000 2.998000
8.733000 -17.608000 2.947000
5.159000 -18.555000 1.964000
3.989000 -22.154000 2.305000
0.838000 -24.004000 1.090000
-0.741000 -27.472000 0.987000
-2.358000 -28.943000 -2.110000
-5.148000 -31.424000 -1.365000
-6.918000 -34.072000 -3.400000
-10.643000 -33.422000 -4.063000
-11.461000 -35.820000 -1.219000
-9.318000 -33.987000 1.368000
-6.008000 -35.930000 1.304000
-3.001000 -33.590000 1.610000
-0.507000 -34.576000 -1.080000
1.736000 -31.717000 -2.125000
3.649000 -29.113000 -0.137000
4.620000 -25.875000 -1.864000
7.361000 -23.769000 -0.246000
10000.000000 10000.000000 10000.000000
10000.000000 10000.000000 10000.000000
10000.000000 10000.000000 10000.000000
10000.000000 10000.000000 10000.000000
10000.000000 10000.000000 10000.000000
10000.000000 10000.000000 10000.000000
10000.000000 10000.000000 10000.000000
10000.000000 10000.000000 10000.000000
10000.000000 10000.000000 10000.000000
10000.000000 10000.000000 10000.000000
10000.000000 10000.000000 10000.000000
10000.000000 10000.000000 10000.000000
10000.000000 10000.000000 10000.000000
10000.000000 10000.000000 10000.000000
10000.000000 10000.000000 10000.000000
10000.000000 10000.000000 10000.000000
10000.000000 10000.000000 10000.000000
10000.000000 10000.000000 10000.000000
10000.000000 10000.000000 10000.000000
10000.000000 10000.000000 10000.000000
10000.000000 10000.000000 10000.000000
10000.000000 10000.000000 10000.000000
10000.000000 10000.000000 10000.000000
