Score: 10.260000 660.000000 -2.819544
10000.000000 10000.000000 10000.000000
10000.000000 10000.000000 10000.000000
10000.000000 10000.000000 10000.000000
10000.000000 10000.000000 10000.000000
10000.000000 10000.000000 10000.000000
10000.000000 10000.000000 10000.000000
10000.000000 10000.000000 10000.000000
10000.000000 10000.000000 10000.000000
10000.000000 10000.000000 10000.000000
10000.000000 10000.000000 10000.000000
10000.000000 10000.000000 10000.000000
10000.000000 10000.000000 10000.000000
10000.000000 10000.000000 10000.000000
10000.000000 10000.000000 10000.000000
10000.000000 10000.000000 10000.000000
10000.000000 10000.000000 10000.000000
25.429000 -6.641000 45.400000
26.927000 -5.742000 42.029000
30.446000 -5.186000 40.726000
31.586000 -3.440000 37.555000
34.393000 -5.136000 35.600000
35.932000 -3.959000 32.360000
38.222000 -5.074000 29.562000
39.055000 -3.726000 26.111000
36.639000 -0.862000 26.596000
33.728000 -3.194000 27.370000
32.014000 -2.706000 30.742000
30.126000 -5.566000 32.410000
28.195000 -8.760000 37.692000
25.285000 -9.313000 40.118000
25.109000 -11.886000 42.889000
21.544000 -13.229000 43.175000
21.238000 -15.745000 46.030000
24.779000 -17.066000 45.617000
24.914000 -17.270000 41.831000
26.524000 -14.685000 39.562000
24.960000 -13.082000 36.488000
26.610000 -10.763000 33.983000
25.057000 -8.018000 31.858000
26.264000 -4.974000 29.979000
26.967000 -2.341000 32.643000
25.110000 0.520000 31.034000
21.380000 0.981000 31.128000
20.046000 0.637000 27.562000
18.290000 4.019000 27.981000
21.431000 6.053000 28.705000
25.152000 6.162000 29.511000
24.492000 5.321000 33.129000
26.024000 2.502000 35.169000
23.691000 -0.164000 36.564000
27.478000 1.997000 40.300000
23.868000 2.898000 41.147000
23.448000 0.413000 43.978000
19.825000 -0.649000 43.398000
10000.000000 10000.000000 10000.000000
19.337000 -4.447000 43.131000
16.255000 -6.150000 44.594000
16.284000 -9.902000 44.177000
17.066000 -10.388000 40.511000
15.811000 -7.007000 39.313000
18.203000 -4.076000 38.941000
16.884000 -0.516000 38.895000
18.617000 2.258000 36.933000
18.982000 5.197000 39.336000
18.722000 7.816000 36.579000
15.120000 7.237000 35.385000
14.055000 4.161000 37.365000
13.973000 1.693000 34.504000
14.319000 -1.924000 35.608000
15.824000 -5.072000 34.142000
15.985000 -8.750000 35.095000
19.712000 -9.474000 35.626000
19.315000 -13.164000 34.766000
10000.000000 10000.000000 10000.000000
10000.000000 10000.000000 10000.000000
10000.000000 10000.000000 10000.000000
10000.000000 10000.000000 10000.000000
10000.000000 10000.000000 10000.000000
10000.000000 10000.000000 10000.000000
10000.000000 10000.000000 10000.000000
10000.000000 10000.000000 10000.000000
10000.000000 10000.000000 10000.000000
10000.000000 10000.000000 10000.000000
10000.000000 10000.000000 10000.000000
10000.000000 10000.000000 10000.000000
