Score: 22.300000 78.000000 -1.892095
10000.000000 10000.000000 10000.000000
10000.000000 10000.000000 10000.000000
10000.000000 10000.000000 10000.000000
10000.000000 10000.000000 10000.000000
10000.000000 10000.000000 10000.000000
10000.000000 10000.000000 10000.000000
10000.000000 10000.000000 10000.000000
10000.000000 10000.000000 10000.000000
10000.000000 10000.000000 10000.000000
10000.000000 10000.000000 10000.000000
10000.000000 10000.000000 10000.000000
10000.000000 10000.000000 10000.000000
10000.000000 10000.000000 10000.000000
-19.963000 -22.019000 33.245000
-21.229000 -24.430000 30.586000
-19.966000 -27.843000 29.488000
-18.659000 -27.665000 25.900000
-19.853000 -31.133000 24.819000
-23.299000 -30.653000 26.347000
-23.736000 -27.315000 24.478000
-23.294000 -29.050000 21.101000
-25.518000 -31.977000 22.120000
-28.460000 -29.695000 22.971000
-28.104000 -27.475000 19.869000
-28.111000 -30.575000 17.610000
-31.023000 -32.147000 19.512000
-33.074000 -28.951000 19.213000
-32.301000 -28.830000 15.464000
-33.357000 -32.474000 14.913000
-36.529000 -31.829000 16.929000
-37.781000 -29.403000 14.257000
-36.465000 -31.488000 11.324000
-35.825000 -35.212000 11.931000
-33.567000 -35.346000 8.850000
-31.612000 -32.235000 9.909000
-27.874000 -32.070000 9.214000
-25.957000 -29.455000 11.230000
-23.339000 -27.829000 8.989000
-20.378000 -26.752000 11.145000
10000.000000 10000.000000 10000.000000
10000.000000 10000.000000 10000.000000
10000.000000 10000.000000 10000.000000
10000.000000 10000.000000 10000.000000
10000.000000 10000.000000 10000.000000
10000.000000 10000.000000 10000.000000
10000.000000 10000.000000 10000.000000
10000.000000 10000.000000 10000.000000
10000.000000 10000.000000 10000.000000
10000.000000 10000.000000 10000.000000
10000.000000 10000.000000 10000.000000
10000.000000 10000.000000 10000.000000
10000.000000 10000.000000 10000.000000
10000.000000 10000.000000 10000.000000
10000.000000 10000.000000 10000.000000
10000.000000 10000.000000 10000.000000
10000.000000 10000.000000 10000.000000
10000.000000 10000.000000 10000.000000
10000.000000 10000.000000 10000.000000
10000.000000 10000.000000 10000.000000
10000.000000 10000.000000 10000.000000
10000.000000 10000.000000 10000.000000
10000.000000 10000.000000 10000.000000
10000.000000 10000.000000 10000.000000
10000.000000 10000.000000 10000.000000
10000.000000 10000.000000 10000.000000
10000.000000 10000.000000 10000.000000
10000.000000 10000.000000 10000.000000
10000.000000 10000.000000 10000.000000
10000.000000 10000.000000 10000.000000
10000.000000 10000.000000 10000.000000
10000.000000 10000.000000 10000.000000
10000.000000 10000.000000 10000.000000
10000.000000 10000.000000 10000.000000
10000.000000 10000.000000 10000.000000
10000.000000 10000.000000 10000.000000
10000.000000 10000.000000 10000.000000
10000.000000 10000.000000 10000.000000
10000.000000 10000.000000 10000.000000
10000.000000 10000.000000 10000.000000
10000.000000 10000.000000 10000.000000
10000.000000 10000.000000 10000.000000
10000.000000 10000.000000 10000.000000
10000.000000 10000.000000 10000.000000
10000.000000 10000.000000 10000.000000
10000.000000 10000.000000 10000.000000
