Score: 11.460000 410.000000 -2.612784
10000.000000 10000.000000 10000.000000
10000.000000 10000.000000 10000.000000
10000.000000 10000.000000 10000.000000
10000.000000 10000.000000 10000.000000
10000.000000 10000.000000 10000.000000
10000.000000 10000.000000 10000.000000
10000.000000 10000.000000 10000.000000
10000.000000 10000.000000 10000.000000
-9.801000 3.902000 -1.906000
-7.615000 5.012000 0.982000
-6.924000 3.199000 4.266000
-4.449000 1.274000 6.474000
-2.300000 -1.754000 5.638000
0.170000 -4.079000 7.327000
3.142000 -6.041000 6.058000
6.206000 -7.843000 7.349000
9.865000 -7.224000 6.514000
10.135000 -10.897000 5.403000
7.861000 -7.264000 2.154000
7.213000 -8.926000 -1.195000
7.088000 -5.968000 -3.581000
9.261000 -3.274000 -5.120000
8.329000 0.369000 -5.185000
9.001000 3.521000 -7.155000
8.842000 6.918000 -5.494000
9.275000 9.823000 -7.870000
12.224000 11.809000 -6.553000
10000.000000 10000.000000 10000.000000
10000.000000 10000.000000 10000.000000
10000.000000 10000.000000 10000.000000
10000.000000 10000.000000 10000.000000
10000.000000 10000.000000 10000.000000
10.316000 14.918000 -7.673000
6.663000 13.879000 -7.323000
4.367000 12.436000 -4.564000
2.895000 9.615000 -6.756000
4.690000 6.568000 -5.322000
3.839000 2.997000 -6.351000
4.684000 -0.715000 -6.507000
6.600000 -2.189000 -9.435000
6.751000 -5.961000 -8.821000
5.808000 -8.483000 -6.143000
9.414000 -9.489000 -5.397000
8.602000 -12.612000 -3.355000
4.909000 -13.329000 -3.447000
4.494000 -14.413000 0.163000
3.998000 -11.303000 2.314000
2.018000 -8.510000 0.592000
1.093000 -10.587000 -2.476000
-0.075000 -13.354000 -0.155000
-2.169000 -10.691000 1.585000
-4.215000 -10.289000 -1.581000
-4.742000 -6.524000 -1.535000
-1.195000 -5.696000 -2.670000
10000.000000 10000.000000 10000.000000
-0.135000 -5.756000 -6.324000
2.503000 -4.281000 -8.631000
1.474000 -0.871000 -9.890000
-1.703000 -1.250000 -7.857000
-1.742000 0.652000 -4.549000
1.102000 1.623000 -2.227000
1.583000 5.094000 -0.751000
2.872000 5.004000 2.824000
4.821000 2.318000 4.680000
10000.000000 10000.000000 10000.000000
10000.000000 10000.000000 10000.000000
10000.000000 10000.000000 10000.000000
10000.000000 10000.000000 10000.000000
10000.000000 10000.000000 10000.000000
10000.000000 10000.000000 10000.000000
10000.000000 10000.000000 10000.000000
10000.000000 10000.000000 10000.000000
10000.000000 10000.000000 10000.000000
10000.000000 10000.000000 10000.000000
10000.000000 10000.000000 10000.000000
10000.000000 10000.000000 10000.000000
10000.000000 10000.000000 10000.000000
10000.000000 10000.000000 10000.000000
10000.000000 10000.000000 10000.000000
10000.000000 10000.000000 10000.000000
10000.000000 10000.000000 10000.000000
10000.000000 10000.000000 10000.000000
10000.000000 10000.000000 10000.000000
10000.000000 10000.000000 10000.000000
10000.000000 10000.000000 10000.000000
