Score: 18.000000 1231.000000 -3.090258
10000.000000 10000.000000 10000.000000
10000.000000 10000.000000 10000.000000
10000.000000 10000.000000 10000.000000
10000.000000 10000.000000 10000.000000
10000.000000 10000.000000 10000.000000
10000.000000 10000.000000 10000.000000
10000.000000 10000.000000 10000.000000
10000.000000 10000.000000 10000.000000
10000.000000 10000.000000 10000.000000
10000.000000 10000.000000 10000.000000
10000.000000 10000.000000 10000.000000
10000.000000 10000.000000 10000.000000
10000.000000 10000.000000 10000.000000
10000.000000 10000.000000 10000.000000
10000.000000 10000.000000 10000.000000
10000.000000 10000.000000 10000.000000
10000.000000 10000.000000 10000.000000
10000.000000 10000.000000 10000.000000
10000.000000 10000.000000 10000.000000
10000.000000 10000.000000 10000.000000
10000.000000 10000.000000 10000.000000
8.248000 6.285000 65.633000
10.328000 3.171000 65.322000
14.093000 3.594000 65.154000
14.585000 -0.128000 64.635000
12.579000 -2.126000 62.101000
8.817000 -2.697000 62.132000
7.155000 -6.087000 61.613000
3.406000 -6.649000 61.173000
2.094000 -10.215000 60.883000
-1.664000 -10.782000 60.758000
-3.332000 -14.207000 60.465000
-6.799000 -12.829000 59.694000
-7.915000 -10.050000 57.366000
-6.557000 -6.507000 57.386000
-9.057000 -3.695000 56.842000
-7.975000 -0.064000 56.752000
-9.940000 3.143000 56.209000
-8.403000 6.598000 55.940000
-10.916000 9.397000 55.608000
-8.281000 12.042000 54.919000
-5.250000 11.867000 52.652000
10000.000000 10000.000000 10000.000000
10000.000000 10000.000000 10000.000000
10000.000000 10000.000000 10000.000000
10000.000000 10000.000000 10000.000000
10000.000000 10000.000000 10000.000000
10000.000000 10000.000000 10000.000000
10000.000000 10000.000000 10000.000000
10000.000000 10000.000000 10000.000000
10000.000000 10000.000000 10000.000000
-2.875000 8.930000 52.491000
0.837000 9.556000 52.178000
3.603000 6.960000 51.952000
7.329000 7.501000 51.628000
9.746000 4.617000 51.262000
13.420000 5.579000 51.090000
14.506000 2.012000 50.248000
12.848000 -0.506000 47.933000
9.287000 -1.810000 47.968000
8.257000 -5.398000 47.314000
4.602000 -6.353000 47.138000
3.277000 -9.855000 46.833000
-0.335000 -10.802000 46.434000
-1.176000 -14.483000 46.157000
-4.871000 -13.822000 45.510000
-6.356000 -11.188000 43.207000
-5.516000 -7.509000 43.147000
-8.249000 -4.938000 42.565000
-7.633000 -1.209000 42.481000
-10.052000 1.677000 42.027000
-9.108000 5.331000 41.661000
-12.121000 7.674000 41.583000
-10.075000 10.754000 40.705000
-7.079000 11.068000 38.431000
-4.239000 8.576000 38.466000
-0.604000 9.507000 37.926000
2.371000 7.188000 37.721000
6.012000 8.193000 37.408000
8.982000 5.895000 37.194000
12.439000 7.440000 36.685000
14.115000 4.173000 35.755000
10000.000000 10000.000000 10000.000000
10000.000000 10000.000000 10000.000000
10000.000000 10000.000000 10000.000000
