Score: 8.870000 1200.000000 -3.079181
10000.000000 10000.000000 10000.000000
10000.000000 10000.000000 10000.000000
10000.000000 10000.000000 10000.000000
10000.000000 10000.000000 10000.000000
10000.000000 10000.000000 10000.000000
10000.000000 10000.000000 10000.000000
10000.000000 10000.000000 10000.000000
10000.000000 10000.000000 10000.000000
10000.000000 10000.000000 10000.000000
10000.000000 10000.000000 10000.000000
10000.000000 10000.000000 10000.000000
10000.000000 10000.000000 10000.000000
10000.000000 10000.000000 10000.000000
10000.000000 10000.000000 10000.000000
10000.000000 10000.000000 10000.000000
10000.000000 10000.000000 10000.000000
10000.000000 10000.000000 10000.000000
3.476000 14.296000 23.774000
6.883000 14.098000 25.462000
10.271000 15.605000 24.744000
13.663000 13.904000 24.491000
17.224000 14.985000 23.840000
18.261000 13.741000 20.437000
21.969000 14.532000 20.014000
21.699000 17.996000 21.558000
18.333000 18.755000 19.891000
15.117000 18.695000 21.881000
12.523000 16.588000 20.109000
7.641000 12.635000 20.316000
3.985000 11.584000 20.233000
2.155000 8.291000 19.596000
-1.097000 8.114000 17.675000
-2.491000 4.568000 17.340000
0.664000 2.583000 16.644000
2.306000 5.441000 14.737000
5.005000 7.609000 16.305000
5.771000 11.160000 15.147000
8.704000 13.397000 16.044000
9.334000 17.116000 15.463000
11.476000 19.805000 17.057000
10.121000 20.618000 20.505000
10.811000 24.335000 20.050000
8.015000 26.395000 18.557000
9.172000 28.444000 15.539000
7.107000 31.462000 16.551000
8.863000 32.309000 19.844000
10.463000 30.402000 22.659000
7.956000 27.772000 23.781000
8.022000 24.015000 24.305000
5.321000 18.929000 24.378000
3.755000 21.118000 27.119000
0.937000 22.074000 24.712000
-2.141000 20.144000 23.541000
-2.098000 17.262000 21.059000
-5.083000 16.973000 18.719000
-5.196000 13.334000 17.605000
-8.065000 13.916000 15.137000
-6.069000 16.412000 13.088000
-2.496000 15.233000 14.066000
-1.608000 18.726000 15.304000
0.338000 19.824000 18.325000
-0.868000 23.155000 19.707000
1.797000 25.427000 21.249000
1.032000 26.200000 24.923000
2.075000 29.838000 24.650000
0.193000 31.464000 21.740000
-1.637000 28.331000 20.555000
-0.155000 28.202000 17.070000
-0.214000 24.666000 15.613000
2.055000 22.266000 13.697000
1.393000 19.096000 11.764000
3.337000 16.395000 13.722000
3.833000 14.390000 10.504000
10000.000000 10000.000000 10000.000000
10000.000000 10000.000000 10000.000000
10000.000000 10000.000000 10000.000000
10000.000000 10000.000000 10000.000000
10000.000000 10000.000000 10000.000000
10000.000000 10000.000000 10000.000000
10000.000000 10000.000000 10000.000000
10000.000000 10000.000000 10000.000000
10000.000000 10000.000000 10000.000000
10000.000000 10000.000000 10000.000000
10000.000000 10000.000000 10000.000000
10000.000000 10000.000000 10000.000000
