Score: 233.810000 0.000000 36.769551
33.971000 4.399000 22.607000
31.088000 2.157000 21.460000
32.335000 -0.996000 19.736000
30.007000 -2.988000 17.443000
30.991000 -6.298000 15.793000
28.656000 -7.515000 12.994000
26.111000 -4.843000 14.141000
25.994000 -6.092000 17.766000
27.209000 -3.771000 20.596000
30.255000 -5.470000 22.108000
30.742000 -2.819000 24.829000
31.166000 0.902000 25.661000
34.562000 1.966000 27.049000
35.218000 5.239000 28.851000
37.665000 7.561000 27.038000
38.759000 8.942000 30.464000
40.404000 5.571000 31.336000
43.491000 4.192000 29.560000
42.674000 0.682000 28.368000
43.336000 -1.867000 25.625000
40.365000 -3.738000 24.068000
40.978000 -6.945000 22.138000
37.968000 -7.181000 19.822000
37.254000 -10.888000 19.036000
40.986000 -11.678000 18.123000
40.972000 -9.627000 14.826000
41.283000 -6.044000 16.145000
42.837000 -4.273000 19.096000
41.680000 -0.824000 20.227000
43.814000 1.405000 22.451000
42.217000 4.133000 24.635000
44.916000 6.574000 25.697000
44.864000 10.254000 26.743000
41.084000 10.565000 26.109000
41.360000 9.149000 22.554000
40.520000 5.846000 20.826000
42.835000 4.414000 18.138000
42.984000 1.029000 16.336000
46.417000 -0.205000 17.508000
46.425000 -3.548000 15.588000
44.274000 -5.567000 13.172000
44.640000 -8.814000 11.184000
42.800000 -7.258000 8.140000
44.730000 -7.166000 4.781000
44.180000 -3.433000 3.943000
45.183000 -2.160000 7.493000
42.959000 0.932000 6.838000
41.462000 0.942000 10.410000
44.997000 1.027000 11.930000
45.861000 4.079000 9.736000
42.753000 6.128000 10.739000
43.417000 9.042000 13.120000
42.517000 8.764000 16.849000
38.928000 9.795000 17.766000
37.629000 11.681000 20.853000
34.541000 13.678000 19.692000
30.874000 12.555000 19.672000
29.901000 10.995000 16.354000
33.516000 10.326000 15.160000
34.319000 6.777000 14.021000
36.977000 4.139000 13.147000
35.807000 1.200000 11.076000
37.389000 -2.089000 10.031000
35.243000 -3.079000 7.084000
36.887000 -6.583000 6.577000
36.187000 -7.586000 10.237000
32.811000 -5.672000 10.486000
34.157000 -3.676000 13.483000
32.784000 -0.192000 14.146000
34.285000 2.070000 16.816000
32.269000 5.207000 17.540000
32.422000 7.983000 20.154000
29.067000 8.370000 21.996000
28.074000 10.623000 24.928000
10000.000000 10000.000000 10000.000000
10000.000000 10000.000000 10000.000000
10000.000000 10000.000000 10000.000000
10000.000000 10000.000000 10000.000000
10000.000000 10000.000000 10000.000000
10000.000000 10000.000000 10000.000000
10000.000000 10000.000000 10000.000000
10000.000000 10000.000000 10000.000000
10000.000000 10000.000000 10000.000000
10000.000000 10000.000000 10000.000000
10000.000000 10000.000000 10000.000000
