Score: 23.000000 43.000000 -1.633468
10000.000000 10000.000000 10000.000000
10000.000000 10000.000000 10000.000000
10000.000000 10000.000000 10000.000000
10000.000000 10000.000000 10000.000000
10000.000000 10000.000000 10000.000000
10000.000000 10000.000000 10000.000000
10000.000000 10000.000000 10000.000000
10000.000000 10000.000000 10000.000000
10000.000000 10000.000000 10000.000000
10000.000000 10000.000000 10000.000000
10000.000000 10000.000000 10000.000000
10000.000000 10000.000000 10000.000000
10000.000000 10000.000000 10000.000000
10000.000000 10000.000000 10000.000000
10000.000000 10000.000000 10000.000000
10000.000000 10000.000000 10000.000000
10000.000000 10000.000000 10000.000000
10000.000000 10000.000000 10000.000000
10000.000000 10000.000000 10000.000000
10000.000000 10000.000000 10000.000000
10000.000000 10000.000000 10000.000000
10000.000000 10000.000000 10000.000000
-24.736000 39.876000 23.694000
-23.992000 38.097000 26.971000
-20.799000 38.180000 29.011000
-18.850000 34.936000 28.707000
-18.950000 31.963000 26.351000
-22.124000 30.088000 25.510000
-21.729000 26.441000 24.465000
-23.676000 23.283000 23.625000
-22.090000 19.961000 22.804000
-24.229000 17.020000 21.545000
10000.000000 10000.000000 10000.000000
10000.000000 10000.000000 10000.000000
10000.000000 10000.000000 10000.000000
-29.532000 17.038000 17.008000
-31.542000 16.914000 13.802000
-29.981000 18.118000 10.490000
-32.589000 20.867000 9.895000
-31.431000 22.730000 13.035000
10000.000000 10000.000000 10000.000000
10000.000000 10000.000000 10000.000000
10000.000000 10000.000000 10000.000000
-27.709000 22.036000 12.422000
-28.253000 23.839000 9.112000
-29.963000 26.791000 10.845000
-27.079000 26.989000 13.340000
-24.577000 27.324000 10.470000
-26.619000 30.262000 9.099000
-26.433000 31.984000 12.512000
-22.663000 31.461000 12.824000
-22.210000 33.072000 9.403000
-24.451000 36.064000 10.224000
-22.945000 36.677000 13.643000
-19.435000 36.603000 12.158000
-20.422000 39.538000 9.912000
-21.685000 41.592000 12.919000
-18.397000 41.367000 14.826000
-19.308000 38.347000 16.933000
-16.699000 35.662000 17.548000
-18.805000 32.582000 16.794000
-17.679000 29.109000 15.813000
-19.508000 25.969000 14.743000
-18.761000 22.603000 16.416000
-19.379000 19.113000 15.010000
-21.419000 18.412000 18.163000
-23.023000 21.878000 18.581000
-21.833000 25.511000 18.808000
-19.576000 27.883000 20.691000
-20.391000 31.600000 20.953000
-20.713000 43.476000 20.923000
-23.016000 43.348000 17.926000
-22.029000 45.612000 15.070000
-24.053000 47.022000 12.196000
-23.565000 45.278000 8.853000
-25.100000 42.864000 6.361000
-26.062000 39.243000 6.803000
-27.579000 36.534000 4.753000
-30.928000 35.184000 5.920000
-30.854000 32.173000 3.517000
-34.533000 32.978000 2.675000
10000.000000 10000.000000 10000.000000
10000.000000 10000.000000 10000.000000
10000.000000 10000.000000 10000.000000
10000.000000 10000.000000 10000.000000
