Score: 21.500000 132.000000 -2.120574
10000.000000 10000.000000 10000.000000
10000.000000 10000.000000 10000.000000
10000.000000 10000.000000 10000.000000
10000.000000 10000.000000 10000.000000
-14.982000 -4.219000 -3.776000
-17.604000 -2.392000 -1.719000
-20.653000 -3.366000 -3.731000
-22.633000 -0.693000 -1.885000
-20.974000 1.988000 -4.046000
-22.042000 0.379000 -7.317000
-25.631000 0.288000 -6.103000
-26.370000 3.855000 -4.970000
-28.875000 5.961000 -6.895000
-27.501000 7.482000 -10.052000
-24.683000 6.682000 -12.454000
-21.764000 8.528000 -10.838000
-19.601000 8.323000 -7.729000
-20.389000 10.593000 -4.766000
-17.899000 13.238000 -5.950000
-19.688000 13.085000 -9.321000
-17.241000 11.153000 -11.525000
-17.821000 8.087000 -13.688000
-17.503000 4.647000 -12.150000
-14.852000 2.605000 -13.988000
-16.392000 -0.586000 -15.491000
-19.615000 -0.042000 -13.568000
-21.702000 -2.419000 -15.690000
-19.296000 -5.387000 -15.539000
-18.689000 -5.037000 -11.829000
-22.437000 -4.885000 -11.275000
-22.762000 -8.169000 -13.179000
10000.000000 10000.000000 10000.000000
10000.000000 10000.000000 10000.000000
10000.000000 10000.000000 10000.000000
10000.000000 10000.000000 10000.000000
10000.000000 10000.000000 10000.000000
10000.000000 10000.000000 10000.000000
10000.000000 10000.000000 10000.000000
10000.000000 10000.000000 10000.000000
10000.000000 10000.000000 10000.000000
10000.000000 10000.000000 10000.000000
10000.000000 10000.000000 10000.000000
10000.000000 10000.000000 10000.000000
10000.000000 10000.000000 10000.000000
10000.000000 10000.000000 10000.000000
10000.000000 10000.000000 10000.000000
10000.000000 10000.000000 10000.000000
10000.000000 10000.000000 10000.000000
10000.000000 10000.000000 10000.000000
10000.000000 10000.000000 10000.000000
10000.000000 10000.000000 10000.000000
10000.000000 10000.000000 10000.000000
10000.000000 10000.000000 10000.000000
10000.000000 10000.000000 10000.000000
10000.000000 10000.000000 10000.000000
10000.000000 10000.000000 10000.000000
10000.000000 10000.000000 10000.000000
10000.000000 10000.000000 10000.000000
10000.000000 10000.000000 10000.000000
10000.000000 10000.000000 10000.000000
10000.000000 10000.000000 10000.000000
10000.000000 10000.000000 10000.000000
10000.000000 10000.000000 10000.000000
10000.000000 10000.000000 10000.000000
10000.000000 10000.000000 10000.000000
10000.000000 10000.000000 10000.000000
10000.000000 10000.000000 10000.000000
10000.000000 10000.000000 10000.000000
10000.000000 10000.000000 10000.000000
10000.000000 10000.000000 10000.000000
10000.000000 10000.000000 10000.000000
10000.000000 10000.000000 10000.000000
10000.000000 10000.000000 10000.000000
10000.000000 10000.000000 10000.000000
10000.000000 10000.000000 10000.000000
10000.000000 10000.000000 10000.000000
10000.000000 10000.000000 10000.000000
10000.000000 10000.000000 10000.000000
10000.000000 10000.000000 10000.000000
10000.000000 10000.000000 10000.000000
10000.000000 10000.000000 10000.000000
10000.000000 10000.000000 10000.000000
10000.000000 10000.000000 10000.000000
10000.000000 10000.000000 10000.000000
10000.000000 10000.000000 10000.000000
