Score: 209.440000 0.000000 32.468521
37.605000 12.386000 24.611000
36.148000 15.758000 23.634000
37.197000 18.509000 26.031000
35.358000 21.852000 25.860000
35.259000 25.162000 27.668000
31.998000 27.133000 27.338000
31.011000 24.673000 24.620000
34.050000 25.463000 22.535000
36.270000 22.444000 21.882000
39.842000 22.744000 23.179000
41.051000 19.191000 22.410000
39.732000 16.029000 20.819000
41.899000 13.221000 22.144000
41.697000 9.654000 20.846000
42.263000 7.554000 23.966000
42.443000 4.118000 22.469000
46.106000 3.186000 22.077000
50.937000 10.810000 30.644000
49.932000 14.185000 29.335000
48.748000 17.141000 31.344000
47.319000 20.402000 30.092000
45.670000 23.345000 31.829000
42.448000 25.004000 30.750000
42.590000 28.572000 31.924000
39.481000 30.472000 32.542000
41.854000 26.680000 36.060000
41.459000 22.957000 35.461000
44.477000 20.709000 35.222000
43.539000 17.925000 32.820000
45.366000 14.617000 32.810000
45.384000 11.825000 30.284000
47.125000 8.703000 31.513000
47.047000 5.735000 29.187000
43.467000 5.408000 27.967000
41.881000 7.365000 30.836000
41.214000 11.040000 31.455000
40.421000 13.116000 34.545000
40.486000 16.557000 36.001000
43.540000 16.099000 38.196000
43.107000 19.320000 40.117000
41.191000 22.571000 39.906000
40.135000 25.557000 41.997000
36.430000 25.177000 41.376000
34.284000 25.910000 44.410000
32.370000 22.605000 44.152000
35.051000 20.085000 43.086000
32.379000 17.954000 41.390000
34.419000 17.228000 38.278000
37.541000 16.351000 40.258000
35.467000 14.003000 42.441000
34.152000 12.217000 39.363000
37.737000 10.970000 38.840000
38.950000 8.893000 35.929000
36.800000 8.238000 32.864000
37.458000 5.988000 29.893000
34.244000 4.563000 28.457000
31.842000 5.660000 25.721000
29.154000 7.774000 27.345000
31.340000 8.864000 30.256000
31.401000 12.562000 31.088000
33.146000 14.941000 33.429000
31.744000 18.335000 34.231000
33.112000 21.372000 36.011000
30.102000 23.650000 35.851000
31.564000 26.807000 37.462000
34.423000 26.781000 34.948000
32.180000 25.650000 32.061000
34.455000 22.709000 31.355000
33.005000 19.539000 29.911000
34.563000 16.241000 28.898000
32.588000 13.761000 26.808000
33.900000 10.357000 25.756000
32.469000 9.190000 22.437000
32.783000 5.946000 20.524000
34.100000 6.389000 16.981000
10000.000000 10000.000000 10000.000000
10000.000000 10000.000000 10000.000000
10000.000000 10000.000000 10000.000000
10000.000000 10000.000000 10000.000000
10000.000000 10000.000000 10000.000000
10000.000000 10000.000000 10000.000000
10000.000000 10000.000000 10000.000000
10000.000000 10000.000000 10000.000000
10000.000000 10000.000000 10000.000000
10000.000000 10000.000000 10000.000000
