Score: 21.500000 132.000000 -2.120574
10000.000000 10000.000000 10000.000000
10000.000000 10000.000000 10000.000000
10000.000000 10000.000000 10000.000000
10000.000000 10000.000000 10000.000000
-15.573000 -19.177000 5.961000
-14.101000 -20.180000 9.313000
-10.776000 -18.354000 9.211000
-12.080000 -14.816000 8.753000
-14.735000 -15.375000 11.398000
-12.272000 -16.730000 13.951000
-10.021000 -13.762000 13.231000
-12.680000 -11.054000 13.372000
-13.802000 -12.594000 16.660000
-10.322000 -12.141000 18.106000
-10.130000 -15.884000 18.650000
-7.001000 -16.354000 16.548000
-4.731000 -14.074000 18.578000
-6.115000 -15.157000 21.959000
-4.731000 -17.777000 24.350000
-7.617000 -20.089000 23.503000
-6.544000 -23.491000 22.215000
-10.138000 -24.407000 21.376000
-9.109000 -23.375000 17.876000
-6.517000 -25.460000 16.038000
-3.731000 -24.227000 13.758000
-4.277000 -20.548000 14.559000
-0.908000 -19.462000 13.148000
-1.541000 -21.374000 9.925000
-4.964000 -19.763000 9.700000
-3.551000 -16.255000 10.109000
-0.784000 -16.954000 7.609000
10000.000000 10000.000000 10000.000000
10000.000000 10000.000000 10000.000000
10000.000000 10000.000000 10000.000000
10000.000000 10000.000000 10000.000000
10000.000000 10000.000000 10000.000000
10000.000000 10000.000000 10000.000000
10000.000000 10000.000000 10000.000000
10000.000000 10000.000000 10000.000000
10000.000000 10000.000000 10000.000000
10000.000000 10000.000000 10000.000000
10000.000000 10000.000000 10000.000000
10000.000000 10000.000000 10000.000000
10000.000000 10000.000000 10000.000000
10000.000000 10000.000000 10000.000000
10000.000000 10000.000000 10000.000000
10000.000000 10000.000000 10000.000000
10000.000000 10000.000000 10000.000000
10000.000000 10000.000000 10000.000000
10000.000000 10000.000000 10000.000000
10000.000000 10000.000000 10000.000000
10000.000000 10000.000000 10000.000000
10000.000000 10000.000000 10000.000000
10000.000000 10000.000000 10000.000000
10000.000000 10000.000000 10000.000000
10000.000000 10000.000000 10000.000000
10000.000000 10000.000000 10000.000000
10000.000000 10000.000000 10000.000000
10000.000000 10000.000000 10000.000000
10000.000000 10000.000000 10000.000000
10000.000000 10000.000000 10000.000000
10000.000000 10000.000000 10000.000000
10000.000000 10000.000000 10000.000000
10000.000000 10000.000000 10000.000000
10000.000000 10000.000000 10000.000000
10000.000000 10000.000000 10000.000000
10000.000000 10000.000000 10000.000000
10000.000000 10000.000000 10000.000000
10000.000000 10000.000000 10000.000000
10000.000000 10000.000000 10000.000000
10000.000000 10000.000000 10000.000000
10000.000000 10000.000000 10000.000000
10000.000000 10000.000000 10000.000000
10000.000000 10000.000000 10000.000000
10000.000000 10000.000000 10000.000000
10000.000000 10000.000000 10000.000000
10000.000000 10000.000000 10000.000000
10000.000000 10000.000000 10000.000000
10000.000000 10000.000000 10000.000000
10000.000000 10000.000000 10000.000000
10000.000000 10000.000000 10000.000000
10000.000000 10000.000000 10000.000000
10000.000000 10000.000000 10000.000000
10000.000000 10000.000000 10000.000000
10000.000000 10000.000000 10000.000000
