Score: 23.000000 47.000000 -1.672098
10000.000000 10000.000000 10000.000000
10000.000000 10000.000000 10000.000000
10000.000000 10000.000000 10000.000000
10000.000000 10000.000000 10000.000000
10000.000000 10000.000000 10000.000000
10000.000000 10000.000000 10000.000000
10000.000000 10000.000000 10000.000000
10000.000000 10000.000000 10000.000000
10000.000000 10000.000000 10000.000000
10000.000000 10000.000000 10000.000000
10000.000000 10000.000000 10000.000000
10000.000000 10000.000000 10000.000000
10000.000000 10000.000000 10000.000000
10000.000000 10000.000000 10000.000000
10000.000000 10000.000000 10000.000000
10000.000000 10000.000000 10000.000000
10000.000000 10000.000000 10000.000000
10000.000000 10000.000000 10000.000000
10000.000000 10000.000000 10000.000000
10000.000000 10000.000000 10000.000000
10000.000000 10000.000000 10000.000000
10000.000000 10000.000000 10000.000000
2.563000 -8.251000 -39.937000
0.759000 -10.458000 -37.416000
0.444000 -14.253000 -37.731000
-3.043000 -15.279000 -38.968000
-5.931000 -13.198000 -40.184000
-7.519000 -10.085000 -38.815000
-11.227000 -9.560000 -39.591000
-13.277000 -6.357000 -39.448000
-16.969000 -7.032000 -40.021000
-19.509000 -4.452000 -38.987000
-23.223000 -5.309000 -38.615000
-24.116000 -3.444000 -41.805000
-22.435000 -2.233000 -44.950000
-20.054000 0.623000 -44.294000
-20.556000 4.265000 -45.227000
-18.771000 5.639000 -48.288000
-16.170000 7.477000 -46.191000
-15.336000 4.139000 -44.501000
10000.000000 10000.000000 10000.000000
10000.000000 10000.000000 10000.000000
10000.000000 10000.000000 10000.000000
-15.487000 2.140000 -47.766000
-13.057000 4.547000 -49.517000
-10.695000 4.431000 -46.546000
-10.554000 0.670000 -46.467000
-10.166000 0.450000 -50.265000
-7.108000 2.750000 -50.060000
-5.602000 0.727000 -47.193000
-6.224000 -2.561000 -49.025000
-4.753000 -1.314000 -52.301000
-1.593000 -0.036000 -50.572000
-1.232000 -3.236000 -48.545000
-1.575000 -5.338000 -51.766000
1.089000 -3.121000 -53.372000
3.332000 -3.961000 -50.412000
2.765000 -7.712000 -50.961000
0.032000 -8.217000 -48.348000
-3.054000 -10.353000 -49.071000
-5.983000 -8.088000 -48.201000
-9.648000 -8.011000 -49.312000
-12.234000 -5.248000 -48.964000
-15.672000 -6.420000 -47.779000
-18.995000 -4.556000 -48.056000
-19.023000 -4.378000 -44.213000
-15.247000 -4.228000 -43.650000
-11.918000 -5.843000 -44.566000
-9.866000 -9.006000 -44.093000
-6.104000 -8.956000 -43.741000
5.498000 -9.738000 -44.814000
5.540000 -6.092000 -45.932000
7.630000 -5.517000 -49.051000
9.147000 -2.295000 -50.333000
7.194000 -0.519000 -53.085000
4.855000 2.348000 -53.894000
1.419000 3.285000 -52.569000
-0.991000 6.204000 -52.970000
-2.269000 7.969000 -49.841000
-5.067000 9.630000 -51.857000
-4.262000 12.818000 -49.874000
10000.000000 10000.000000 10000.000000
10000.000000 10000.000000 10000.000000
10000.000000 10000.000000 10000.000000
10000.000000 10000.000000 10000.000000
