Score: 10.830000 520.000000 -2.716003
10000.000000 10000.000000 10000.000000
10000.000000 10000.000000 10000.000000
10000.000000 10000.000000 10000.000000
10000.000000 10000.000000 10000.000000
10000.000000 10000.000000 10000.000000
10000.000000 10000.000000 10000.000000
10000.000000 10000.000000 10000.000000
10000.000000 10000.000000 10000.000000
10000.000000 10000.000000 10000.000000
10000.000000 10000.000000 10000.000000
10000.000000 10000.000000 10000.000000
10000.000000 10000.000000 10000.000000
10000.000000 10000.000000 10000.000000
10000.000000 10000.000000 10000.000000
10000.000000 10000.000000 10000.000000
1.223000 -9.793000 -4.653000
0.726000 -6.622000 -6.711000
0.111000 -2.951000 -5.925000
-2.181000 -0.416000 -7.590000
-2.929000 3.280000 -7.083000
-6.365000 4.451000 -5.995000
-7.846000 7.832000 -5.116000
-9.322000 8.701000 -1.737000
-10.451000 12.240000 -2.399000
-7.139000 13.892000 -3.196000
-5.086000 11.191000 -1.514000
-3.233000 8.868000 -3.870000
-3.434000 5.593000 -1.999000
-1.304000 2.584000 -2.853000
-3.331000 -0.596000 -2.514000
-0.993000 -3.516000 -2.063000
-2.299000 -7.046000 -2.197000
-5.721000 -14.306000 -0.057000
-8.064000 -11.455000 0.924000
-5.237000 -9.753000 2.802000
-4.655000 -6.272000 1.396000
-2.989000 -3.155000 2.794000
-3.121000 0.519000 1.849000
-0.512000 3.224000 2.334000
0.454000 6.511000 0.702000
1.325000 5.956000 -2.962000
3.681000 8.932000 -2.758000
6.432000 9.359000 -0.168000
7.110000 12.841000 1.284000
10.885000 12.590000 1.682000
12.259000 11.467000 -1.667000
8.989000 11.728000 -3.572000
8.273000 8.629000 -5.575000
5.039000 3.257000 -4.870000
2.841000 0.784000 -6.718000
5.770000 0.476000 -9.125000
7.736000 -1.610000 -6.657000
8.339000 -5.238000 -5.769000
7.190000 -6.920000 -2.570000
9.977000 -8.681000 -0.674000
10.289000 -10.172000 2.804000
9.234000 -12.101000 8.367000
7.542000 -8.879000 7.359000
6.398000 -7.690000 3.953000
8.293000 -4.762000 2.490000
7.606000 -3.078000 -0.826000
10.866000 -2.026000 -2.440000
10.861000 0.881000 -4.861000
13.386000 0.156000 -7.680000
13.858000 3.910000 -8.031000
16.295000 3.666000 -5.122000
16.205000 1.375000 -2.062000
13.034000 2.568000 -0.339000
11.299000 -0.230000 1.564000
7.829000 0.246000 3.007000
6.523000 -2.249000 5.559000
3.001000 -3.125000 4.412000
1.874000 -4.327000 7.854000
10000.000000 10000.000000 10000.000000
10000.000000 10000.000000 10000.000000
10000.000000 10000.000000 10000.000000
10000.000000 10000.000000 10000.000000
10000.000000 10000.000000 10000.000000
10000.000000 10000.000000 10000.000000
10000.000000 10000.000000 10000.000000
10000.000000 10000.000000 10000.000000
10000.000000 10000.000000 10000.000000
10000.000000 10000.000000 10000.000000
10000.000000 10000.000000 10000.000000
10000.000000 10000.000000 10000.000000
