Score: 21.100000 143.000000 -2.155336
10000.000000 10000.000000 10000.000000
10000.000000 10000.000000 10000.000000
10000.000000 10000.000000 10000.000000
10000.000000 10000.000000 10000.000000
10000.000000 10000.000000 10000.000000
10000.000000 10000.000000 10000.000000
6.959000 -98.443000 14.627000
3.715000 -99.510000 13.007000
4.659000 -98.178000 9.602000
7.904000 -100.169000 9.956000
6.062000 -103.432000 10.614000
4.168000 -102.917000 7.414000
7.389000 -102.053000 5.445000
9.192000 -105.192000 6.795000
6.163000 -107.456000 6.289000
5.535000 -110.946000 7.613000
8.901000 -112.737000 7.786000
10.569000 -109.705000 6.149000
8.982000 -110.607000 2.751000
8.253000 -106.918000 1.999000
11.630000 -105.352000 2.838000
10000.000000 10000.000000 10000.000000
10000.000000 10000.000000 10000.000000
10000.000000 10000.000000 10000.000000
10000.000000 10000.000000 10000.000000
13.359000 -108.297000 1.075000
11.498000 -107.318000 -2.128000
12.374000 -103.614000 -1.685000
16.091000 -104.492000 -1.139000
16.223000 -106.778000 -4.169000
14.290000 -104.443000 -6.561000
16.064000 -101.191000 -5.518000
19.594000 -102.521000 -4.996000
19.907000 -100.018000 -2.146000
21.396000 -101.064000 1.181000
18.455000 -100.633000 3.570000
19.139000 -100.821000 7.338000
16.194000 -100.668000 9.732000
16.972000 -99.884000 13.365000
16.830000 -102.901000 15.663000
14.127000 -103.592000 18.240000
10.569000 -102.370000 18.667000
10.871000 -98.714000 19.630000
7.824000 -96.486000 18.936000
10.125000 -94.531000 16.517000
12.574000 -96.236000 14.134000
15.242000 -95.127000 11.640000
15.384000 -96.588000 8.114000
18.713000 -95.826000 6.513000
19.031000 -95.975000 2.755000
22.507000 -96.167000 1.258000
23.813000 -96.281000 -2.336000
18.944000 -97.026000 -5.909000
17.994000 -94.695000 -3.033000
15.288000 -93.163000 -5.245000
13.906000 -96.586000 -6.108000
13.941000 -97.722000 -2.433000
12.274000 -94.485000 -1.275000
9.605000 -94.757000 -4.039000
8.793000 -98.321000 -2.980000
8.536000 -97.444000 0.709000
6.251000 -94.480000 -0.045000
10000.000000 10000.000000 10000.000000
10000.000000 10000.000000 10000.000000
10000.000000 10000.000000 10000.000000
10000.000000 10000.000000 10000.000000
10000.000000 10000.000000 10000.000000
10000.000000 10000.000000 10000.000000
10000.000000 10000.000000 10000.000000
10000.000000 10000.000000 10000.000000
10000.000000 10000.000000 10000.000000
10000.000000 10000.000000 10000.000000
10000.000000 10000.000000 10000.000000
10000.000000 10000.000000 10000.000000
10000.000000 10000.000000 10000.000000
10000.000000 10000.000000 10000.000000
10000.000000 10000.000000 10000.000000
10000.000000 10000.000000 10000.000000
10000.000000 10000.000000 10000.000000
10000.000000 10000.000000 10000.000000
10000.000000 10000.000000 10000.000000
10000.000000 10000.000000 10000.000000
10000.000000 10000.000000 10000.000000
10000.000000 10000.000000 10000.000000
10000.000000 10000.000000 10000.000000
