Score: 18.400000 1133.000000 -3.054230
10000.000000 10000.000000 10000.000000
10000.000000 10000.000000 10000.000000
10000.000000 10000.000000 10000.000000
10000.000000 10000.000000 10000.000000
10000.000000 10000.000000 10000.000000
10000.000000 10000.000000 10000.000000
10000.000000 10000.000000 10000.000000
10000.000000 10000.000000 10000.000000
10000.000000 10000.000000 10000.000000
10000.000000 10000.000000 10000.000000
-12.032000 -35.343000 -56.625000
-9.080000 -37.072000 -54.885000
-8.206000 -37.717000 -51.217000
-5.146000 -36.451000 -49.335000
-4.038000 -37.890000 -45.950000
-1.775000 -35.939000 -43.504000
-0.340000 -37.850000 -40.529000
0.384000 -36.213000 -37.188000
4.106000 -36.343000 -36.407000
3.422000 -37.986000 -33.072000
3.398000 -41.565000 -34.321000
4.378000 -44.681000 -32.373000
4.048000 -48.238000 -33.573000
6.166000 -51.244000 -32.585000
6.415000 -57.836000 -38.908000
3.709000 -57.374000 -36.249000
2.243000 -53.880000 -35.881000
1.845000 -51.545000 -38.838000
-0.387000 -49.153000 -40.759000
-1.133000 -49.953000 -44.425000
-2.628000 -47.482000 -46.888000
-3.882000 -48.733000 -50.231000
-4.685000 -46.799000 -53.419000
-8.398000 -47.114000 -54.102000
10000.000000 10000.000000 10000.000000
10000.000000 10000.000000 10000.000000
10000.000000 10000.000000 10000.000000
10000.000000 10000.000000 10000.000000
10000.000000 10000.000000 10000.000000
-10.413000 -49.612000 -52.137000
-10.290000 -53.082000 -50.583000
-7.188000 -54.971000 -49.500000
-6.099000 -55.864000 -53.054000
-5.529000 -52.214000 -54.200000
-2.002000 -50.868000 -54.735000
0.206000 -50.459000 -51.635000
0.735000 -46.729000 -51.190000
2.760000 -47.417000 -48.010000
3.363000 -49.850000 -45.114000
4.689000 -48.100000 -42.019000
5.729000 -48.535000 -38.389000
8.296000 -47.258000 -35.851000
8.405000 -43.582000 -34.881000
8.456000 -41.803000 -38.291000
4.992000 -40.890000 -39.659000
4.132000 -41.555000 -43.315000
4.572000 -38.731000 -45.829000
10000.000000 10000.000000 10000.000000
10000.000000 10000.000000 10000.000000
1.483000 -36.998000 -47.224000
-0.353000 -39.531000 -49.397000
-2.663000 -38.543000 -52.282000
10000.000000 10000.000000 10000.000000
10000.000000 10000.000000 10000.000000
10000.000000 10000.000000 10000.000000
10000.000000 10000.000000 10000.000000
10000.000000 10000.000000 10000.000000
10000.000000 10000.000000 10000.000000
10000.000000 10000.000000 10000.000000
10000.000000 10000.000000 10000.000000
10000.000000 10000.000000 10000.000000
10000.000000 10000.000000 10000.000000
10000.000000 10000.000000 10000.000000
10000.000000 10000.000000 10000.000000
10000.000000 10000.000000 10000.000000
10000.000000 10000.000000 10000.000000
10000.000000 10000.000000 10000.000000
10000.000000 10000.000000 10000.000000
10000.000000 10000.000000 10000.000000
10000.000000 10000.000000 10000.000000
10000.000000 10000.000000 10000.000000
10000.000000 10000.000000 10000.000000
10000.000000 10000.000000 10000.000000
10000.000000 10000.000000 10000.000000
10000.000000 10000.000000 10000.000000
