Score: 13.050000 210.000000 -2.322219
10000.000000 10000.000000 10000.000000
10000.000000 10000.000000 10000.000000
10000.000000 10000.000000 10000.000000
10000.000000 10000.000000 10000.000000
10000.000000 10000.000000 10000.000000
10000.000000 10000.000000 10000.000000
10000.000000 10000.000000 10000.000000
10000.000000 10000.000000 10000.000000
10000.000000 10000.000000 10000.000000
10000.000000 10000.000000 10000.000000
10000.000000 10000.000000 10000.000000
10000.000000 10000.000000 10000.000000
10000.000000 10000.000000 10000.000000
10000.000000 10000.000000 10000.000000
10000.000000 10000.000000 10000.000000
10000.000000 10000.000000 10000.000000
10000.000000 10000.000000 10000.000000
10000.000000 10000.000000 10000.000000
10000.000000 10000.000000 10000.000000
10000.000000 10000.000000 10000.000000
10000.000000 10000.000000 10000.000000
10000.000000 10000.000000 10000.000000
10000.000000 10000.000000 10000.000000
10000.000000 10000.000000 10000.000000
10000.000000 10000.000000 10000.000000
10000.000000 10000.000000 10000.000000
10000.000000 10000.000000 10000.000000
43.001000 23.036000 24.685000
45.097000 21.062000 27.147000
43.747000 17.984000 28.951000
45.786000 16.293000 31.641000
45.143000 12.914000 33.184000
47.323000 10.519000 35.161000
50.461000 10.062000 33.065000
48.723000 11.584000 29.955000
48.499000 14.843000 28.007000
46.198000 15.607000 25.136000
46.157000 18.718000 23.068000
43.198000 19.708000 20.904000
42.601000 22.505000 18.444000
39.706000 23.268000 16.139000
38.209000 26.023000 14.039000
34.704000 24.578000 13.706000
35.430000 23.068000 10.291000
38.276000 20.769000 11.314000
10000.000000 10000.000000 10000.000000
40.037000 19.524000 14.412000
43.449000 18.179000 15.345000
44.157000 16.029000 18.359000
47.462000 14.764000 19.829000
47.883000 12.588000 22.936000
51.028000 11.188000 24.584000
52.019000 9.359000 27.676000
53.950000 11.576000 30.066000
54.633000 11.652000 33.819000
51.714000 13.524000 35.478000
49.878000 13.077000 38.782000
46.654000 15.143000 38.598000
43.756000 15.875000 36.313000
43.232000 19.287000 34.825000
42.241000 21.142000 31.672000
42.523000 24.699000 30.316000
42.447000 26.709000 27.073000
45.458000 28.796000 26.058000
45.036000 31.416000 23.303000
46.622000 31.000000 19.904000
48.942000 33.947000 20.627000
50.029000 32.277000 23.906000
50.612000 28.993000 22.061000
52.833000 30.579000 19.433000
55.007000 31.831000 22.273000
54.993000 28.272000 23.729000
56.217000 26.995000 20.368000
10000.000000 10000.000000 10000.000000
10000.000000 10000.000000 10000.000000
10000.000000 10000.000000 10000.000000
10000.000000 10000.000000 10000.000000
10000.000000 10000.000000 10000.000000
10000.000000 10000.000000 10000.000000
10000.000000 10000.000000 10000.000000
10000.000000 10000.000000 10000.000000
10000.000000 10000.000000 10000.000000
10000.000000 10000.000000 10000.000000
10000.000000 10000.000000 10000.000000
10000.000000 10000.000000 10000.000000
