Score: 10.820000 530.000000 -2.724276
10000.000000 10000.000000 10000.000000
10000.000000 10000.000000 10000.000000
10000.000000 10000.000000 10000.000000
10000.000000 10000.000000 10000.000000
10000.000000 10000.000000 10000.000000
10000.000000 10000.000000 10000.000000
10000.000000 10000.000000 10000.000000
10000.000000 10000.000000 10000.000000
10000.000000 10000.000000 10000.000000
10000.000000 10000.000000 10000.000000
10000.000000 10000.000000 10000.000000
10000.000000 10000.000000 10000.000000
10000.000000 10000.000000 10000.000000
10000.000000 10000.000000 10000.000000
10000.000000 10000.000000 10000.000000
10000.000000 10000.000000 10000.000000
10000.000000 10000.000000 10000.000000
-1.665000 -0.922000 7.465000
1.567000 -2.782000 6.917000
3.777000 -3.902000 4.105000
4.226000 -7.478000 3.106000
6.328000 -8.971000 0.434000
4.661000 -10.878000 -2.307000
7.384000 -12.343000 -6.487000
9.435000 -10.221000 -4.106000
7.405000 -7.102000 -4.514000
6.760000 -5.261000 -1.296000
3.280000 -4.014000 -1.071000
1.545000 -1.908000 1.511000
-1.646000 -3.495000 2.684000
-8.927000 1.634000 5.886000
-12.344000 2.753000 6.975000
-12.489000 5.214000 4.072000
-10.420000 3.627000 1.222000
-11.153000 0.043000 2.182000
-8.609000 -2.715000 2.108000
-5.979000 -2.034000 -0.464000
-2.775000 -3.537000 -1.573000
-0.518000 -1.197000 -3.508000
3.191000 -0.562000 -4.210000
4.846000 0.658000 -1.059000
8.463000 1.410000 -1.609000
8.879000 4.992000 -2.779000
10.955000 6.262000 0.328000
14.235000 6.973000 -1.342000
15.730000 7.347000 2.056000
15.666000 4.004000 3.867000
12.838000 3.882000 6.351000
6.919000 3.278000 5.353000
4.530000 0.692000 6.672000
5.693000 1.432000 10.192000
5.638000 5.052000 9.191000
2.630000 6.873000 7.968000
-0.461000 6.707000 6.053000
-2.309000 9.942000 6.312000
10000.000000 10000.000000 10000.000000
10000.000000 10000.000000 10000.000000
-5.896000 9.847000 5.094000
-4.955000 8.715000 1.652000
-1.520000 10.196000 1.512000
1.310000 7.808000 1.560000
4.520000 9.144000 3.019000
7.173000 9.893000 0.439000
10.471000 10.637000 2.159000
13.341000 11.666000 -0.048000
10.965000 13.405000 -2.299000
8.222000 16.023000 -1.747000
6.170000 14.110000 0.973000
2.961000 13.379000 -0.958000
2.096000 10.230000 -2.755000
-1.619000 9.586000 -3.052000
-3.786000 6.485000 -2.967000
-6.824000 8.363000 -4.253000
10000.000000 10000.000000 10000.000000
10000.000000 10000.000000 10000.000000
10000.000000 10000.000000 10000.000000
10000.000000 10000.000000 10000.000000
10000.000000 10000.000000 10000.000000
10000.000000 10000.000000 10000.000000
10000.000000 10000.000000 10000.000000
10000.000000 10000.000000 10000.000000
10000.000000 10000.000000 10000.000000
10000.000000 10000.000000 10000.000000
10000.000000 10000.000000 10000.000000
10000.000000 10000.000000 10000.000000
