Score: 23.000000 40.000000 -1.602060
10000.000000 10000.000000 10000.000000
10000.000000 10000.000000 10000.000000
7.913000 -11.114000 163.638000
10.427000 -13.589000 165.057000
13.292000 -11.170000 164.471000
11.263000 -8.319000 165.976000
10.600000 -10.566000 168.991000
14.349000 -11.049000 169.455000
14.794000 -7.277000 169.713000
11.855000 -6.964000 172.085000
13.431000 -9.735000 174.186000
16.677000 -7.767000 174.450000
18.606000 -10.349000 172.426000
19.790000 -8.148000 169.532000
21.823000 -9.850000 166.829000
24.877000 -8.357000 165.165000
26.220000 -9.359000 161.768000
27.128000 -13.022000 162.151000
24.589000 -13.798000 164.874000
21.786000 -16.289000 164.258000
18.251000 -17.140000 165.323000
16.438000 -20.465000 164.956000
12.799000 -20.145000 163.892000
10.373000 -23.096000 164.212000
9.338000 -24.570000 160.873000
11.839000 -22.364000 159.075000
15.172000 -23.204000 160.644000
18.072000 -20.862000 161.324000
18.374000 -17.316000 159.996000
21.518000 -15.198000 160.215000
22.303000 -11.489000 160.141000
24.442000 -10.559000 157.132000
26.102000 -7.252000 156.085000
24.150000 -4.446000 154.415000
10000.000000 10000.000000 10000.000000
10000.000000 10000.000000 10000.000000
10000.000000 10000.000000 10000.000000
10000.000000 10000.000000 10000.000000
10000.000000 10000.000000 10000.000000
10000.000000 10000.000000 10000.000000
10000.000000 10000.000000 10000.000000
10000.000000 10000.000000 10000.000000
10000.000000 10000.000000 10000.000000
10000.000000 10000.000000 10000.000000
10000.000000 10000.000000 10000.000000
10000.000000 10000.000000 10000.000000
10000.000000 10000.000000 10000.000000
10000.000000 10000.000000 10000.000000
26.972000 -4.149000 151.880000
25.672000 -7.259000 150.102000
22.653000 -5.191000 149.041000
24.811000 -2.420000 147.604000
24.718000 -0.037000 150.560000
27.363000 -0.524000 153.229000
26.503000 0.573000 156.763000
28.360000 -0.516000 159.900000
26.425000 -0.438000 163.177000
22.250000 -4.506000 165.937000
21.949000 -3.591000 162.268000
22.000000 -5.834000 159.225000
20.072000 -8.062000 156.851000
18.252000 -11.327000 157.510000
17.937000 -13.376000 154.327000
15.219000 -15.963000 153.783000
16.830000 -19.425000 153.883000
15.321000 -20.025000 150.469000
13.355000 -18.613000 147.585000
10.836000 -20.463000 145.433000
10.754000 -21.613000 141.815000
10000.000000 10000.000000 10000.000000
10000.000000 10000.000000 10000.000000
10000.000000 10000.000000 10000.000000
10000.000000 10000.000000 10000.000000
10000.000000 10000.000000 10000.000000
10000.000000 10000.000000 10000.000000
10000.000000 10000.000000 10000.000000
10000.000000 10000.000000 10000.000000
10000.000000 10000.000000 10000.000000
10000.000000 10000.000000 10000.000000
10000.000000 10000.000000 10000.000000
10000.000000 10000.000000 10000.000000
10000.000000 10000.000000 10000.000000
10000.000000 10000.000000 10000.000000
10000.000000 10000.000000 10000.000000
10000.000000 10000.000000 10000.000000
