Score: 25.300000 9.500000 -0.977724
10000.000000 10000.000000 10000.000000
10000.000000 10000.000000 10000.000000
10000.000000 10000.000000 10000.000000
10000.000000 10000.000000 10000.000000
10000.000000 10000.000000 10000.000000
10000.000000 10000.000000 10000.000000
10000.000000 10000.000000 10000.000000
10000.000000 10000.000000 10000.000000
10000.000000 10000.000000 10000.000000
10000.000000 10000.000000 10000.000000
4.643000 -0.513000 -10.424000
7.159000 -0.643000 -13.256000
10.205000 -2.772000 -12.673000
13.477000 -1.815000 -14.372000
15.885000 -4.688000 -14.885000
18.990000 -2.507000 -14.456000
20.714000 -5.423000 -12.779000
20.431000 -7.813000 -15.715000
18.232000 -10.675000 -14.503000
17.898000 -13.315000 -17.234000
14.085000 -13.531000 -17.042000
12.396000 -16.233000 -19.177000
9.863000 -13.697000 -20.491000
10.253000 -10.308000 -22.197000
9.367000 -7.011000 -20.513000
8.253000 -4.417000 -19.765000
5.774000 -4.954000 -13.035000
6.848000 -5.839000 -9.469000
4.580000 -6.620000 -6.529000
5.375000 -7.860000 -3.001000
5.035000 -11.491000 -1.954000
4.774000 -12.388000 1.773000
4.148000 -15.626000 3.747000
1.057000 -14.293000 5.536000
-1.121000 -13.618000 2.497000
-1.534000 -11.550000 -0.660000
-0.285000 -8.013000 -0.228000
-2.957000 -5.417000 0.425000
-0.772000 -2.457000 1.548000
1.547000 -1.646000 4.452000
5.141000 -2.776000 4.707000
6.025000 -4.857000 1.650000
8.873000 -6.938000 3.167000
11.953000 -7.913000 1.153000
10.426000 -10.142000 -1.522000
8.786000 -9.440000 -4.857000
7.202000 -11.270000 -7.765000
0.782000 -11.138000 -16.802000
3.382000 -13.761000 -17.769000
5.403000 -14.755000 -14.667000
9.021000 -13.549000 -14.930000
10.458000 -14.560000 -11.519000
10.936000 -13.822000 -7.836000
13.498000 -11.360000 -6.407000
14.561000 -10.308000 -2.932000
16.518000 -7.590000 -1.105000
17.718000 -10.404000 1.193000
21.370000 -11.012000 0.422000
10000.000000 10000.000000 10000.000000
10000.000000 10000.000000 10000.000000
10000.000000 10000.000000 10000.000000
10000.000000 10000.000000 10000.000000
10000.000000 10000.000000 10000.000000
10000.000000 10000.000000 10000.000000
10000.000000 10000.000000 10000.000000
10000.000000 10000.000000 10000.000000
10000.000000 10000.000000 10000.000000
10000.000000 10000.000000 10000.000000
10000.000000 10000.000000 10000.000000
10000.000000 10000.000000 10000.000000
10000.000000 10000.000000 10000.000000
10000.000000 10000.000000 10000.000000
10000.000000 10000.000000 10000.000000
10000.000000 10000.000000 10000.000000
10000.000000 10000.000000 10000.000000
10000.000000 10000.000000 10000.000000
10000.000000 10000.000000 10000.000000
10000.000000 10000.000000 10000.000000
10000.000000 10000.000000 10000.000000
10000.000000 10000.000000 10000.000000
10000.000000 10000.000000 10000.000000
10000.000000 10000.000000 10000.000000
10000.000000 10000.000000 10000.000000
10000.000000 10000.000000 10000.000000
10000.000000 10000.000000 10000.000000
