Score: 11.910000 340.000000 -2.531479
10000.000000 10000.000000 10000.000000
10000.000000 10000.000000 10000.000000
10000.000000 10000.000000 10000.000000
10000.000000 10000.000000 10000.000000
10000.000000 10000.000000 10000.000000
10000.000000 10000.000000 10000.000000
60.853000 69.353000 52.637000
64.328000 70.045000 51.240000
65.954000 73.175000 49.848000
66.712000 71.987000 46.331000
68.294000 75.214000 45.086000
69.389000 78.653000 46.248000
69.312000 81.663000 43.960000
72.268000 83.419000 45.550000
72.289000 87.189000 44.936000
75.287000 89.172000 43.552000
75.283000 91.726000 50.147000
72.798000 93.359000 52.560000
69.819000 93.703000 50.171000
67.588000 92.661000 53.096000
65.163000 90.446000 51.203000
61.691000 90.643000 52.665000
58.613000 90.588000 50.428000
58.455000 89.644000 46.739000
55.961000 88.714000 44.046000
55.251000 87.608000 40.487000
57.085000 83.659000 34.946000
59.789000 86.561000 40.616000
63.332000 93.861000 45.856000
65.823000 94.770000 48.557000
64.070000 96.368000 51.530000
67.435000 97.952000 52.449000
69.131000 98.329000 49.043000
66.188000 99.361000 46.837000
67.609000 96.987000 44.224000
65.193000 94.860000 42.167000
66.002000 91.398000 40.853000
63.989000 89.814000 38.041000
64.236000 86.042000 38.486000
63.066000 83.719000 35.697000
61.391000 80.482000 36.824000
62.015000 76.550000 31.825000
63.029000 74.870000 35.109000
60.987000 76.038000 38.156000
63.341000 74.099000 40.436000
68.029000 103.674000 38.790000
65.123000 102.915000 41.105000
65.717000 106.067000 43.154000
66.337000 108.224000 40.076000
63.118000 107.249000 38.290000
60.678000 106.874000 41.203000
62.259000 109.014000 43.919000
61.613000 106.191000 46.412000
10000.000000 10000.000000 10000.000000
63.876000 103.883000 48.428000
63.545000 100.766000 50.638000
61.188000 98.598000 48.578000
58.647000 96.419000 50.354000
10000.000000 10000.000000 10000.000000
55.463000 94.960000 48.815000
55.195000 93.677000 45.231000
51.838000 93.114000 43.516000
51.083000 91.982000 39.945000
48.471000 94.273000 38.405000
46.627000 94.034000 35.051000
48.449000 97.089000 33.730000
51.824000 96.976000 35.501000
53.877000 95.716000 38.442000
53.415000 97.754000 41.625000
55.943000 98.014000 44.455000
55.623000 99.945000 47.702000
58.529000 101.860000 49.257000
59.101000 103.083000 52.824000
60.517000 106.510000 51.989000
62.071000 108.993000 49.568000
65.647000 108.766000 48.292000
10000.000000 10000.000000 10000.000000
10000.000000 10000.000000 10000.000000
10000.000000 10000.000000 10000.000000
10000.000000 10000.000000 10000.000000
10000.000000 10000.000000 10000.000000
10000.000000 10000.000000 10000.000000
10000.000000 10000.000000 10000.000000
10000.000000 10000.000000 10000.000000
10000.000000 10000.000000 10000.000000
