Score: 99.300000 0.000000 21.397940
6.704000 -0.627000 1.020000
6.234000 2.729000 2.817000
2.543000 3.598000 3.394000
1.708000 7.270000 4.129000
-1.737000 8.924000 4.412000
-2.916000 12.574000 4.733000
0.806000 13.505000 4.806000
2.264000 11.161000 7.461000
3.797000 7.639000 7.496000
1.288000 5.236000 9.107000
2.744000 1.792000 8.218000
5.479000 -0.020000 6.217000
5.454000 -3.688000 5.076000
8.601000 -5.676000 4.013000
8.112000 -7.176000 0.519000
11.310000 -9.067000 -0.447000
11.397000 -12.438000 1.342000
7.799000 -11.927000 2.540000
6.283000 -15.032000 0.909000
2.616000 -16.049000 1.068000
-4.422000 -4.732000 5.642000
-7.141000 -2.023000 5.464000
-6.037000 1.644000 5.383000
-8.865000 3.770000 6.883000
-8.492000 7.565000 6.610000
-10.304000 3.327000 2.763000
-7.754000 1.175000 0.860000
-7.608000 -2.635000 1.169000
-3.963000 -3.485000 0.387000
-2.652000 -7.005000 -0.364000
0.941000 -8.319000 -0.204000
1.098000 -11.653000 -2.097000
4.438000 -13.266000 -3.022000
6.965000 -10.469000 -2.259000
4.713000 -7.922000 -4.054000
1.949000 -5.465000 -3.067000
-1.223000 -4.118000 -4.743000
-4.605000 -2.508000 -4.000000
-6.997000 -5.439000 -3.504000
-10.018000 -3.086000 -3.241000
-10.871000 0.585000 -2.535000
-13.695000 3.104000 -3.115000
-12.003000 5.534000 -5.549000
-13.141000 6.634000 -9.068000
-9.442000 6.690000 -10.036000
-8.400000 3.158000 -8.922000
-4.803000 4.168000 -9.871000
-3.232000 1.587000 -7.533000
-5.489000 -1.041000 -9.156000
-3.947000 -0.133000 -12.549000
-0.507000 -0.270000 -10.854000
-1.065000 -3.905000 -9.827000
1.829000 -6.034000 -8.507000
4.637000 -3.669000 -7.396000
7.763000 -5.023000 -5.593000
10.912000 -3.068000 -6.593000
12.634000 -0.007000 -5.083000
11.053000 2.823000 -7.096000
7.515000 1.419000 -7.475000
4.581000 3.401000 -5.995000
0.845000 3.167000 -5.156000
-1.161000 6.449000 -5.206000
-4.836000 7.033000 -4.253000
-5.319000 10.824000 -3.868000
-9.159000 10.601000 -3.221000
-8.102000 8.702000 -0.054000
-4.848000 10.702000 0.384000
-2.867000 7.421000 0.453000
0.687000 7.556000 -0.983000
2.934000 4.443000 -1.019000
6.560000 4.128000 -2.230000
8.910000 1.109000 -2.153000
12.510000 1.635000 -0.920000
15.364000 -0.851000 -0.286000
17.053000 -1.528000 3.077000
20.529000 -1.680000 1.489000
21.592000 2.006000 1.492000
18.669000 2.979000 -0.804000
19.145000 6.726000 -0.253000
15.913000 8.470000 -1.306000
15.142000 12.152000 -0.551000
10000.000000 10000.000000 10000.000000
10000.000000 10000.000000 10000.000000
10000.000000 10000.000000 10000.000000
10000.000000 10000.000000 10000.000000
