Score: 21.100000 150.000000 -2.176091
10000.000000 10000.000000 10000.000000
10000.000000 10000.000000 10000.000000
10000.000000 10000.000000 10000.000000
10000.000000 10000.000000 10000.000000
10000.000000 10000.000000 10000.000000
10000.000000 10000.000000 10000.000000
10000.000000 10000.000000 10000.000000
10000.000000 10000.000000 10000.000000
10000.000000 10000.000000 10000.000000
10000.000000 10000.000000 10000.000000
10000.000000 10000.000000 10000.000000
10000.000000 10000.000000 10000.000000
10000.000000 10000.000000 10000.000000
10000.000000 10000.000000 10000.000000
10000.000000 10000.000000 10000.000000
10000.000000 10000.000000 10000.000000
10000.000000 10000.000000 10000.000000
10000.000000 10000.000000 10000.000000
10000.000000 10000.000000 10000.000000
10000.000000 10000.000000 10000.000000
10000.000000 10000.000000 10000.000000
10000.000000 10000.000000 10000.000000
10000.000000 10000.000000 10000.000000
10000.000000 10000.000000 10000.000000
10000.000000 10000.000000 10000.000000
10000.000000 10000.000000 10000.000000
10000.000000 10000.000000 10000.000000
10000.000000 10000.000000 10000.000000
10000.000000 10000.000000 10000.000000
10000.000000 10000.000000 10000.000000
10000.000000 10000.000000 10000.000000
10000.000000 10000.000000 10000.000000
118.582000 59.054000 155.941000
122.289000 59.791000 155.776000
122.071000 59.958000 151.990000
123.748000 56.516000 151.305000
126.970000 56.412000 149.262000
126.753000 54.558000 145.979000
130.074000 53.395000 144.631000
130.334000 52.473000 140.993000
132.812000 49.810000 139.925000
133.021000 48.574000 136.345000
132.628000 44.863000 137.024000
131.383000 42.450000 139.656000
134.899000 41.195000 140.181000
135.687000 44.573000 141.644000
133.035000 44.303000 144.333000
135.418000 42.417000 146.559000
138.102000 45.006000 147.252000
135.785000 47.927000 146.908000
133.575000 46.565000 149.606000
136.666000 45.507000 151.520000
137.683000 49.153000 151.632000
134.326000 50.699000 152.427000
133.910000 48.115000 155.128000
137.217000 48.763000 156.797000
136.567000 52.522000 156.644000
134.210000 51.764000 159.554000
132.032000 54.511000 158.152000
126.338000 47.544000 156.144000
127.352000 47.671000 152.508000
125.219000 46.144000 149.854000
126.905000 44.979000 146.679000
124.951000 44.811000 143.511000
10000.000000 10000.000000 10000.000000
10000.000000 10000.000000 10000.000000
125.844000 43.310000 140.216000
124.564000 40.894000 137.642000
126.506000 38.295000 135.759000
124.391000 36.499000 133.174000
125.613000 33.173000 131.908000
10000.000000 10000.000000 10000.000000
10000.000000 10000.000000 10000.000000
10000.000000 10000.000000 10000.000000
126.416000 34.576000 128.472000
128.854000 31.944000 127.086000
132.064000 30.469000 128.638000
133.127000 29.366000 132.144000
134.230000 33.066000 132.389000
130.778000 33.314000 133.925000
131.926000 30.958000 136.696000
135.243000 32.728000 137.134000
133.585000 36.052000 137.728000
130.669000 34.630000 139.679000
133.007000 32.881000 142.055000
