Score: 22.600000 59.000000 -1.770852
9.693000 34.255000 20.872000
12.851000 32.509000 21.879000
11.816000 30.142000 24.712000
14.166000 28.132000 26.931000
13.834000 24.467000 27.855000
12.632000 25.629000 31.281000
9.802000 27.818000 29.876000
11.466000 31.189000 30.170000
10.678000 33.666000 27.445000
14.191000 34.914000 26.537000
12.899000 37.512000 23.992000
9.527000 38.145000 22.419000
8.720000 40.134000 19.284000
5.243000 41.492000 18.629000
3.577000 42.808000 15.516000
0.028000 43.069000 14.345000
-1.130000 39.898000 12.520000
-1.534000 41.029000 8.935000
-4.945000 40.621000 7.325000
-3.793000 38.979000 4.092000
-1.953000 35.687000 3.438000
0.934000 37.072000 1.471000
10000.000000 10000.000000 10000.000000
10000.000000 10000.000000 10000.000000
10000.000000 10000.000000 10000.000000
10000.000000 10000.000000 10000.000000
10000.000000 10000.000000 10000.000000
10000.000000 10000.000000 10000.000000
10000.000000 10000.000000 10000.000000
10000.000000 10000.000000 10000.000000
10000.000000 10000.000000 10000.000000
10000.000000 10000.000000 10000.000000
10000.000000 10000.000000 10000.000000
10000.000000 10000.000000 10000.000000
10000.000000 10000.000000 10000.000000
10000.000000 10000.000000 10000.000000
10000.000000 10000.000000 10000.000000
10000.000000 10000.000000 10000.000000
10000.000000 10000.000000 10000.000000
10000.000000 10000.000000 10000.000000
10000.000000 10000.000000 10000.000000
10000.000000 10000.000000 10000.000000
10000.000000 10000.000000 10000.000000
10000.000000 10000.000000 10000.000000
10000.000000 10000.000000 10000.000000
10000.000000 10000.000000 10000.000000
10000.000000 10000.000000 10000.000000
10000.000000 10000.000000 10000.000000
10000.000000 10000.000000 10000.000000
10000.000000 10000.000000 10000.000000
10000.000000 10000.000000 10000.000000
10000.000000 10000.000000 10000.000000
10000.000000 10000.000000 10000.000000
10000.000000 10000.000000 10000.000000
10000.000000 10000.000000 10000.000000
10000.000000 10000.000000 10000.000000
10000.000000 10000.000000 10000.000000
10000.000000 10000.000000 10000.000000
10000.000000 10000.000000 10000.000000
10000.000000 10000.000000 10000.000000
10000.000000 10000.000000 10000.000000
10000.000000 10000.000000 10000.000000
10000.000000 10000.000000 10000.000000
10000.000000 10000.000000 10000.000000
10000.000000 10000.000000 10000.000000
10000.000000 10000.000000 10000.000000
10000.000000 10000.000000 10000.000000
10000.000000 10000.000000 10000.000000
10000.000000 10000.000000 10000.000000
10000.000000 10000.000000 10000.000000
10000.000000 10000.000000 10000.000000
10000.000000 10000.000000 10000.000000
10000.000000 10000.000000 10000.000000
10000.000000 10000.000000 10000.000000
10000.000000 10000.000000 10000.000000
10000.000000 10000.000000 10000.000000
10000.000000 10000.000000 10000.000000
10000.000000 10000.000000 10000.000000
10000.000000 10000.000000 10000.000000
10000.000000 10000.000000 10000.000000
10000.000000 10000.000000 10000.000000
10000.000000 10000.000000 10000.000000
10000.000000 10000.000000 10000.000000
10000.000000 10000.000000 10000.000000
10000.000000 10000.000000 10000.000000
