Score: 11.340000 430.000000 -2.633468
10000.000000 10000.000000 10000.000000
10000.000000 10000.000000 10000.000000
10000.000000 10000.000000 10000.000000
10000.000000 10000.000000 10000.000000
10000.000000 10000.000000 10000.000000
10000.000000 10000.000000 10000.000000
10000.000000 10000.000000 10000.000000
10000.000000 10000.000000 10000.000000
10000.000000 10000.000000 10000.000000
10000.000000 10000.000000 10000.000000
10000.000000 10000.000000 10000.000000
10000.000000 10000.000000 10000.000000
10000.000000 10000.000000 10000.000000
10000.000000 10000.000000 10000.000000
10000.000000 10000.000000 10000.000000
33.843000 45.552000 20.311000
31.084000 43.909000 22.349000
28.766000 45.907000 24.601000
28.641000 45.145000 28.333000
25.901000 46.757000 30.362000
26.674000 48.344000 33.707000
25.004000 50.814000 36.004000
26.330000 54.266000 36.747000
24.505000 55.907000 39.596000
21.224000 54.374000 38.487000
21.334000 54.928000 34.734000
21.634000 52.081000 32.227000
25.034000 52.277000 30.548000
26.632000 50.322000 27.707000
30.413000 49.885000 27.759000
32.292000 49.329000 24.513000
41.420000 48.093000 21.453000
42.918000 51.018000 19.514000
40.767000 53.661000 21.303000
40.063000 52.615000 24.884000
36.589000 52.350000 26.426000
33.408000 54.242000 25.450000
30.179000 54.448000 27.486000
26.745000 55.331000 26.087000
23.176000 55.012000 27.406000
21.957000 51.461000 26.909000
18.396000 52.572000 26.338000
17.661000 53.050000 22.596000
15.765000 56.375000 22.212000
14.317000 55.120000 18.936000
13.121000 51.589000 19.575000
12.433000 52.032000 23.237000
14.338000 49.279000 25.039000
17.605000 48.715000 26.865000
19.374000 47.126000 23.945000
24.771000 46.735000 24.430000
23.587000 44.310000 21.771000
24.262000 46.555000 18.776000
26.880000 45.764000 16.129000
29.963000 48.002000 16.271000
31.525000 49.168000 13.008000
33.332000 52.077000 11.350000
35.072000 57.255000 13.820000
33.022000 54.211000 14.770000
29.488000 53.872000 15.969000
27.055000 51.239000 17.225000
23.967000 50.210000 15.245000
20.818000 49.777000 17.332000
19.783000 46.103000 17.065000
16.178000 47.229000 16.487000
15.565000 49.921000 13.845000
19.275000 49.826000 12.880000
20.104000 53.518000 13.445000
23.817000 54.299000 13.906000
25.065000 56.043000 17.028000
28.586000 57.495000 17.400000
30.419000 55.941000 20.388000
32.322000 59.172000 20.990000
10000.000000 10000.000000 10000.000000
10000.000000 10000.000000 10000.000000
10000.000000 10000.000000 10000.000000
10000.000000 10000.000000 10000.000000
10000.000000 10000.000000 10000.000000
10000.000000 10000.000000 10000.000000
10000.000000 10000.000000 10000.000000
10000.000000 10000.000000 10000.000000
10000.000000 10000.000000 10000.000000
10000.000000 10000.000000 10000.000000
10000.000000 10000.000000 10000.000000
10000.000000 10000.000000 10000.000000
