Score: 11.430000 410.000000 -2.612784
10000.000000 10000.000000 10000.000000
10000.000000 10000.000000 10000.000000
10000.000000 10000.000000 10000.000000
10000.000000 10000.000000 10000.000000
10000.000000 10000.000000 10000.000000
10000.000000 10000.000000 10000.000000
10000.000000 10000.000000 10000.000000
10000.000000 10000.000000 10000.000000
10000.000000 10000.000000 10000.000000
10000.000000 10000.000000 10000.000000
10000.000000 10000.000000 10000.000000
10000.000000 10000.000000 10000.000000
10000.000000 10000.000000 10000.000000
10000.000000 10000.000000 10000.000000
10000.000000 10000.000000 10000.000000
10000.000000 10000.000000 10000.000000
34.613000 -39.709000 28.896000
36.959000 -37.723000 26.672000
40.735000 -37.828000 26.315000
42.959000 -35.273000 24.602000
45.782000 -36.612000 22.460000
48.691000 -34.206000 22.063000
50.749000 -34.926000 18.949000
54.324000 -33.766000 18.388000
54.504000 -31.050000 15.747000
50.781000 -31.317000 14.974000
47.329000 -30.187000 16.125000
45.711000 -32.091000 19.037000
43.023000 -34.764000 18.706000
40.171000 -35.789000 20.993000
34.460000 -43.420000 24.450000
30.763000 -43.790000 23.731000
29.491000 -46.902000 25.456000
32.050000 -49.452000 24.286000
33.024000 -47.734000 21.036000
35.874000 -45.250000 20.561000
35.875000 -42.261000 18.202000
38.281000 -39.451000 17.358000
38.170000 -35.950000 15.886000
40.222000 -32.760000 15.822000
40.387000 -31.381000 19.370000
39.910000 -27.764000 18.303000
36.308000 -26.627000 17.855000
35.696000 -25.463000 14.276000
33.862000 -22.386000 15.575000
36.935000 -20.998000 17.299000
39.897000 -21.995000 19.443000
38.230000 -24.075000 22.156000
39.455000 -27.524000 23.168000
38.357000 -32.341000 25.187000
37.339000 -29.851000 27.881000
33.711000 -30.120000 26.796000
30.805000 -32.345000 27.820000
29.838000 -35.608000 26.146000
26.161000 -36.582000 25.907000
10000.000000 10000.000000 10000.000000
10000.000000 10000.000000 10000.000000
25.779000 -39.854000 24.061000
27.680000 -39.417000 20.805000
27.473000 -35.612000 20.855000
30.272000 -33.408000 22.206000
29.415000 -29.918000 23.476000
32.009000 -27.141000 23.200000
32.799000 -25.368000 26.515000
33.204000 -21.936000 24.922000
29.883000 -21.224000 23.223000
27.837000 -24.395000 23.564000
28.141000 -25.471000 19.945000
28.206000 -29.240000 19.434000
29.152000 -32.028000 17.023000
28.356000 -35.701000 16.541000
31.669000 -37.402000 17.360000
31.059000 -40.251000 14.907000
10000.000000 10000.000000 10000.000000
10000.000000 10000.000000 10000.000000
10000.000000 10000.000000 10000.000000
10000.000000 10000.000000 10000.000000
10000.000000 10000.000000 10000.000000
10000.000000 10000.000000 10000.000000
10000.000000 10000.000000 10000.000000
10000.000000 10000.000000 10000.000000
10000.000000 10000.000000 10000.000000
10000.000000 10000.000000 10000.000000
10000.000000 10000.000000 10000.000000
10000.000000 10000.000000 10000.000000
