Score: 11.460000 410.000000 -2.612784
10000.000000 10000.000000 10000.000000
10000.000000 10000.000000 10000.000000
10000.000000 10000.000000 10000.000000
10000.000000 10000.000000 10000.000000
10000.000000 10000.000000 10000.000000
10000.000000 10000.000000 10000.000000
10000.000000 10000.000000 10000.000000
10000.000000 10000.000000 10000.000000
10000.000000 10000.000000 10000.000000
10000.000000 10000.000000 10000.000000
10000.000000 10000.000000 10000.000000
10000.000000 10000.000000 10000.000000
10000.000000 10000.000000 10000.000000
10000.000000 10000.000000 10000.000000
10000.000000 10000.000000 10000.000000
10000.000000 10000.000000 10000.000000
10000.000000 10000.000000 10000.000000
10000.000000 10000.000000 10000.000000
10000.000000 10000.000000 10000.000000
10000.000000 10000.000000 10000.000000
10000.000000 10000.000000 10000.000000
10000.000000 10000.000000 10000.000000
10000.000000 10000.000000 10000.000000
10000.000000 10000.000000 10000.000000
10000.000000 10000.000000 10000.000000
10000.000000 10000.000000 10000.000000
10000.000000 10000.000000 10000.000000
10000.000000 10000.000000 10000.000000
10000.000000 10000.000000 10000.000000
10000.000000 10000.000000 10000.000000
10000.000000 10000.000000 10000.000000
10000.000000 10000.000000 10000.000000
10000.000000 10000.000000 10000.000000
10000.000000 10000.000000 10000.000000
10000.000000 10000.000000 10000.000000
10000.000000 10000.000000 10000.000000
10000.000000 10000.000000 10000.000000
10000.000000 10000.000000 10000.000000
10000.000000 10000.000000 10000.000000
10000.000000 10000.000000 10000.000000
10000.000000 10000.000000 10000.000000
10000.000000 10000.000000 10000.000000
10000.000000 10000.000000 10000.000000
10000.000000 10000.000000 10000.000000
10000.000000 10000.000000 10000.000000
10000.000000 10000.000000 10000.000000
10000.000000 10000.000000 10000.000000
10000.000000 10000.000000 10000.000000
10000.000000 10000.000000 10000.000000
10000.000000 10000.000000 10000.000000
10000.000000 10000.000000 10000.000000
10000.000000 10000.000000 10000.000000
10000.000000 10000.000000 10000.000000
10000.000000 10000.000000 10000.000000
10000.000000 10000.000000 10000.000000
10000.000000 10000.000000 10000.000000
10000.000000 10000.000000 10000.000000
10000.000000 10000.000000 10000.000000
10000.000000 10000.000000 10000.000000
10000.000000 10000.000000 10000.000000
10000.000000 10000.000000 10000.000000
84.868000 44.526000 129.619000
88.406000 43.171000 129.913000
91.146000 44.480000 132.256000
94.901000 43.625000 132.078000
97.201000 46.375000 133.272000
94.711000 48.718000 134.878000
96.177000 50.885000 132.144000
94.819000 49.104000 129.028000
91.383000 47.602000 128.252000
89.046000 45.970000 125.673000
85.335000 45.702000 124.941000
85.640000 42.382000 123.162000
82.417000 40.694000 122.273000
79.497000 40.768000 119.898000
78.131000 43.378000 117.432000
10000.000000 10000.000000 10000.000000
10000.000000 10000.000000 10000.000000
10000.000000 10000.000000 10000.000000
10000.000000 10000.000000 10000.000000
10000.000000 10000.000000 10000.000000
10000.000000 10000.000000 10000.000000
10000.000000 10000.000000 10000.000000
10000.000000 10000.000000 10000.000000
10000.000000 10000.000000 10000.000000
