Score: 21.900000 99.000000 -1.995635
10000.000000 10000.000000 10000.000000
10000.000000 10000.000000 10000.000000
10000.000000 10000.000000 10000.000000
10000.000000 10000.000000 10000.000000
10000.000000 10000.000000 10000.000000
10000.000000 10000.000000 10000.000000
10000.000000 10000.000000 10000.000000
10000.000000 10000.000000 10000.000000
10000.000000 10000.000000 10000.000000
10000.000000 10000.000000 10000.000000
10000.000000 10000.000000 10000.000000
10000.000000 10000.000000 10000.000000
10000.000000 10000.000000 10000.000000
10000.000000 10000.000000 10000.000000
10000.000000 10000.000000 10000.000000
10000.000000 10000.000000 10000.000000
10000.000000 10000.000000 10000.000000
10000.000000 10000.000000 10000.000000
10000.000000 10000.000000 10000.000000
10000.000000 10000.000000 10000.000000
10000.000000 10000.000000 10000.000000
10000.000000 10000.000000 10000.000000
10000.000000 10000.000000 10000.000000
10000.000000 10000.000000 10000.000000
10000.000000 10000.000000 10000.000000
10000.000000 10000.000000 10000.000000
10000.000000 10000.000000 10000.000000
10000.000000 10000.000000 10000.000000
9.687000 40.516000 65.014000
5.884000 40.264000 64.970000
3.734000 42.975000 66.636000
-0.051000 42.740000 66.383000
-0.042000 40.241000 63.547000
2.371000 42.203000 61.508000
5.989000 42.199000 60.584000
8.030000 45.053000 62.103000
11.857000 45.593000 61.677000
14.477000 45.777000 64.390000
15.891000 49.269000 64.126000
19.506000 50.208000 65.111000
22.000000 47.931000 66.954000
20.884000 45.296000 69.464000
21.714000 45.999000 73.154000
22.489000 43.472000 75.900000
18.994000 43.425000 77.379000
16.848000 45.418000 74.922000
10000.000000 10000.000000 10000.000000
16.299000 46.311000 71.330000
14.128000 48.691000 69.322000
10000.000000 10000.000000 10000.000000
10000.000000 10000.000000 10000.000000
10000.000000 10000.000000 10000.000000
10000.000000 10000.000000 10000.000000
11.730000 48.074000 66.484000
9.879000 50.325000 64.024000
6.078000 50.056000 64.838000
3.126000 50.495000 62.288000
1.789000 53.360000 64.382000
0.949000 54.089000 68.092000
10000.000000 10000.000000 10000.000000
10000.000000 10000.000000 10000.000000
10000.000000 10000.000000 10000.000000
10000.000000 10000.000000 10000.000000
0.557000 50.709000 69.756000
-0.072000 50.314000 73.582000
2.691000 49.537000 76.033000
2.293000 45.937000 76.996000
1.586000 44.676000 73.416000
2.894000 41.166000 72.841000
5.765000 40.883000 70.520000
6.629000 37.416000 69.060000
10.193000 36.798000 68.105000
9.831000 33.190000 67.195000
6.284000 31.841000 66.751000
2.897000 32.752000 65.193000
0.983000 35.934000 65.336000
-2.054000 35.586000 63.111000
-1.249000 34.609000 59.573000
2.398000 35.475000 59.985000
4.968000 33.127000 61.374000
8.707000 33.262000 62.238000
10.263000 29.819000 62.653000
13.581000 28.742000 64.128000
10000.000000 10000.000000 10000.000000
10000.000000 10000.000000 10000.000000
