Score: 22.600000 58.000000 -1.763428
10000.000000 10000.000000 10000.000000
10000.000000 10000.000000 10000.000000
10000.000000 10000.000000 10000.000000
10000.000000 10000.000000 10000.000000
10000.000000 10000.000000 10000.000000
10000.000000 10000.000000 10000.000000
10000.000000 10000.000000 10000.000000
10000.000000 10000.000000 10000.000000
10000.000000 10000.000000 10000.000000
10000.000000 10000.000000 10000.000000
10000.000000 10000.000000 10000.000000
10000.000000 10000.000000 10000.000000
15.969000 3.773000 15.775000
15.937000 7.298000 14.323000
17.884000 6.239000 11.219000
15.660000 3.262000 10.406000
12.363000 5.057000 11.010000
13.422000 8.038000 8.884000
14.518000 5.518000 6.227000
10.985000 4.095000 6.175000
11.003000 1.251000 8.685000
6.895000 1.465000 13.774000
3.752000 -0.705000 13.395000
5.527000 -3.862000 12.168000
4.662000 -6.618000 14.628000
7.105000 -9.018000 16.256000
6.434000 -12.627000 17.293000
4.221000 -11.471000 20.170000
2.442000 -8.765000 18.185000
4.573000 -6.012000 19.724000
5.087000 -2.760000 17.848000
8.308000 -0.817000 18.257000
6.567000 1.336000 20.889000
10000.000000 10000.000000 10000.000000
10000.000000 10000.000000 10000.000000
10000.000000 10000.000000 10000.000000
5.532000 -1.793000 22.830000
9.161000 -2.950000 22.791000
10.576000 0.392000 23.975000
8.232000 0.202000 26.949000
9.042000 -3.442000 27.636000
12.716000 -2.507000 27.682000
12.196000 0.568000 29.907000
7.755000 9.113000 18.434000
9.859000 11.990000 17.150000
11.025000 10.223000 14.006000
7.727000 8.650000 12.909000
5.886000 10.419000 10.103000
2.002000 6.038000 10.874000
2.340000 5.315000 14.601000
-0.746000 4.386000 16.636000
-0.246000 4.204000 20.406000
-3.506000 2.309000 20.812000
-1.917000 -0.782000 19.214000
-2.781000 -3.992000 21.057000
-0.189000 -6.795000 21.173000
-1.323000 -10.434000 20.938000
-1.942000 -10.517000 24.704000
-4.162000 -7.476000 24.138000
-2.152000 -4.757000 25.923000
-1.303000 -1.244000 24.736000
2.169000 0.237000 25.111000
0.712000 2.182000 28.080000
-0.338000 -1.037000 29.858000
3.160000 -2.441000 29.345000
4.829000 0.739000 30.589000
2.642000 0.831000 33.695000
3.498000 -2.808000 34.414000
7.291000 -2.088000 34.271000
7.003000 0.690000 36.872000
8.828000 3.130000 34.557000
7.471000 6.610000 35.153000
9.412000 8.006000 32.213000
7.833000 5.925000 29.458000
4.361000 6.232000 30.967000
4.635000 10.021000 31.111000
5.932000 10.282000 27.550000
3.183000 8.030000 26.212000
0.497000 10.183000 27.851000
2.132000 13.404000 26.674000
2.014000 12.018000 23.133000
-1.672000 11.071000 23.150000
-1.950000 7.539000 24.586000
-5.517000 6.850000 25.759000
-5.161000 6.752000 29.554000
-8.361000 4.697000 29.935000
-7.679000 2.069000 27.222000
10000.000000 10000.000000 10000.000000
10000.000000 10000.000000 10000.000000
10000.000000 10000.000000 10000.000000
10000.000000 10000.000000 10000.000000
10000.000000 10000.000000 10000.000000
10000.000000 10000.000000 10000.000000
-9.163000 -1.351000 28.056000
-7.516000 -4.534000 26.819000
-9.898000 -7.381000 25.879000
-8.224000 -10.136000 27.942000
-8.370000 -8.416000 31.353000
-11.020000 -5.722000 30.810000
-8.956000 -3.384000 33.019000
-7.752000 0.203000 32.473000
-4.095000 1.039000 33.233000
-5.237000 2.488000 36.573000
-6.699000 -0.846000 37.675000
-3.498000 -2.596000 36.536000
-1.428000 -0.246000 38.716000
-3.680000 -0.921000 41.706000
-3.428000 -4.670000 41.293000
0.363000 -4.297000 40.991000
