Score: 9.740000 920.000000 -2.963788
10000.000000 10000.000000 10000.000000
10000.000000 10000.000000 10000.000000
10000.000000 10000.000000 10000.000000
10000.000000 10000.000000 10000.000000
10000.000000 10000.000000 10000.000000
10000.000000 10000.000000 10000.000000
10000.000000 10000.000000 10000.000000
10000.000000 10000.000000 10000.000000
10000.000000 10000.000000 10000.000000
10000.000000 10000.000000 10000.000000
10000.000000 10000.000000 10000.000000
10000.000000 10000.000000 10000.000000
10000.000000 10000.000000 10000.000000
10000.000000 10000.000000 10000.000000
10000.000000 10000.000000 10000.000000
10000.000000 10000.000000 10000.000000
10000.000000 10000.000000 10000.000000
10000.000000 10000.000000 10000.000000
10000.000000 10000.000000 10000.000000
10000.000000 10000.000000 10000.000000
10000.000000 10000.000000 10000.000000
10000.000000 10000.000000 10000.000000
34.989000 20.741000 26.873000
35.547000 21.299000 23.165000
32.312000 22.370000 21.453000
31.577000 22.541000 17.724000
29.373000 25.609000 17.159000
26.929000 25.144000 14.306000
24.283000 27.162000 12.415000
21.695000 24.515000 13.113000
10000.000000 10000.000000 10000.000000
10000.000000 10000.000000 10000.000000
10000.000000 10000.000000 10000.000000
10000.000000 10000.000000 10000.000000
19.579000 23.168000 10.275000
16.054000 22.345000 9.126000
14.734000 19.244000 7.309000
11.343000 18.509000 5.776000
9.133000 15.420000 5.698000
6.782000 16.275000 2.817000
3.977000 13.752000 2.911000
1.623000 13.634000 -0.065000
-2.088000 12.724000 0.088000
10000.000000 10000.000000 10000.000000
-1.284000 9.050000 -0.466000
1.127000 8.874000 2.453000
4.401000 8.987000 0.526000
7.396000 11.210000 1.203000
10.286000 12.382000 -1.023000
13.872000 11.519000 -0.059000
17.184000 12.516000 -1.625000
20.318000 10.416000 -2.241000
23.250000 12.678000 -1.405000
26.992000 12.093000 -1.164000
28.458000 12.660000 2.306000
32.212000 13.104000 2.301000
32.329000 12.363000 6.047000
31.336000 8.787000 5.228000
32.730000 8.580000 1.718000
29.393000 7.461000 0.253000
25.845000 8.563000 -0.587000
23.098000 8.520000 2.033000
19.319000 8.646000 1.830000
18.105000 11.787000 3.581000
15.273000 14.250000 3.890000
15.422000 17.554000 2.010000
17.417000 19.754000 4.386000
19.544000 22.871000 4.693000
21.616000 24.941000 7.121000
20.361000 28.061000 8.901000
13.660000 28.424000 9.956000
10.200000 28.024000 8.474000
11.218000 30.066000 5.402000
14.550000 28.238000 5.070000
12.682000 24.919000 5.198000
10.218000 25.930000 2.457000
13.019000 27.249000 0.308000
14.862000 23.944000 0.679000
11.791000 21.843000 -0.075000
11.459000 23.867000 -3.282000
15.097000 23.700000 -4.356000
15.625000 20.079000 -3.381000
12.481000 18.300000 -4.541000
10.429000 20.943000 -6.358000
7.573000 21.094000 -3.870000
5.560000 23.753000 -2.138000
3.280000 22.873000 0.782000
0.113000 24.610000 1.967000
0.498000 23.279000 5.523000
3.526000 23.336000 7.826000
3.822000 21.826000 11.318000
10000.000000 10000.000000 10000.000000
10000.000000 10000.000000 10000.000000
10000.000000 10000.000000 10000.000000
10000.000000 10000.000000 10000.000000
10000.000000 10000.000000 10000.000000
10000.000000 10000.000000 10000.000000
10000.000000 10000.000000 10000.000000
10000.000000 10000.000000 10000.000000
10000.000000 10000.000000 10000.000000
10000.000000 10000.000000 10000.000000
10000.000000 10000.000000 10000.000000
10000.000000 10000.000000 10000.000000
10000.000000 10000.000000 10000.000000
10000.000000 10000.000000 10000.000000
10000.000000 10000.000000 10000.000000
10000.000000 10000.000000 10000.000000
10000.000000 10000.000000 10000.000000
10000.000000 10000.000000 10000.000000
