Score: 26.500000 4.000000 -0.602060
10000.000000 10000.000000 10000.000000
10000.000000 10000.000000 10000.000000
10000.000000 10000.000000 10000.000000
10000.000000 10000.000000 10000.000000
10000.000000 10000.000000 10000.000000
10000.000000 10000.000000 10000.000000
10000.000000 10000.000000 10000.000000
10000.000000 10000.000000 10000.000000
10000.000000 10000.000000 10000.000000
10000.000000 10000.000000 10000.000000
10000.000000 10000.000000 10000.000000
42.870000 -1.262000 40.526000
41.272000 -4.725000 41.093000
39.052000 -3.780000 44.008000
37.689000 -0.949000 41.802000
37.377000 -3.184000 38.755000
35.426000 -5.887000 40.698000
32.923000 -3.306000 41.861000
31.744000 -2.767000 38.331000
30.091000 -5.596000 36.340000
33.522000 -7.189000 35.833000
34.653000 -10.003000 38.140000
38.362000 -10.679000 37.751000
41.612000 -12.101000 39.118000
45.191000 -10.903000 39.106000
46.968000 -13.861000 37.596000
50.175000 -15.910000 37.288000
50.876000 -18.901000 35.056000
10000.000000 10000.000000 10000.000000
10000.000000 10000.000000 10000.000000
10000.000000 10000.000000 10000.000000
10000.000000 10000.000000 10000.000000
10000.000000 10000.000000 10000.000000
10000.000000 10000.000000 10000.000000
53.929000 -21.010000 35.438000
54.811000 -22.879000 32.320000
57.097000 -25.996000 31.824000
59.329000 -26.668000 28.799000
58.745000 -30.293000 27.734000
61.001000 -32.804000 25.904000
59.341000 -32.281000 22.502000
60.099000 -28.573000 22.975000
56.525000 -27.449000 23.560000
55.159000 -25.497000 26.410000
52.833000 -27.011000 29.059000
51.069000 -25.043000 31.826000
51.762000 -26.367000 35.304000
49.893000 -23.903000 37.651000
47.696000 -20.876000 37.578000
44.284000 -16.535000 40.896000
44.485000 -13.536000 43.202000
41.770000 -11.314000 44.679000
42.642000 -7.954000 46.270000
41.693000 -7.762000 49.960000
40.020000 -9.578000 52.745000
41.126000 -6.885000 55.271000
42.815000 -4.002000 53.383000
45.574000 -3.450000 50.776000
48.313000 -3.504000 53.435000
47.382000 -7.220000 53.884000
48.776000 -8.634000 50.639000
46.791000 -10.892000 48.358000
44.403000 -13.736000 48.833000
45.446000 -16.371000 46.286000
44.235000 -19.754000 45.064000
46.137000 -22.125000 42.873000
44.834000 -24.395000 40.176000
46.677000 -27.385000 38.669000
46.146000 -29.137000 35.249000
43.465000 -31.814000 35.081000
41.792000 -33.345000 32.044000
39.143000 -35.365000 33.809000
10000.000000 10000.000000 10000.000000
10000.000000 10000.000000 10000.000000
10000.000000 10000.000000 10000.000000
10000.000000 10000.000000 10000.000000
10000.000000 10000.000000 10000.000000
10000.000000 10000.000000 10000.000000
10000.000000 10000.000000 10000.000000
10000.000000 10000.000000 10000.000000
10000.000000 10000.000000 10000.000000
10000.000000 10000.000000 10000.000000
10000.000000 10000.000000 10000.000000
10000.000000 10000.000000 10000.000000
10000.000000 10000.000000 10000.000000
10000.000000 10000.000000 10000.000000
10000.000000 10000.000000 10000.000000
10000.000000 10000.000000 10000.000000
10000.000000 10000.000000 10000.000000
10000.000000 10000.000000 10000.000000
10000.000000 10000.000000 10000.000000
10000.000000 10000.000000 10000.000000
10000.000000 10000.000000 10000.000000
10000.000000 10000.000000 10000.000000
10000.000000 10000.000000 10000.000000
10000.000000 10000.000000 10000.000000
10000.000000 10000.000000 10000.000000
10000.000000 10000.000000 10000.000000
10000.000000 10000.000000 10000.000000
10000.000000 10000.000000 10000.000000
10000.000000 10000.000000 10000.000000
10000.000000 10000.000000 10000.000000
10000.000000 10000.000000 10000.000000
10000.000000 10000.000000 10000.000000
10000.000000 10000.000000 10000.000000
10000.000000 10000.000000 10000.000000
10000.000000 10000.000000 10000.000000
10000.000000 10000.000000 10000.000000
10000.000000 10000.000000 10000.000000
