Score: 22.200000 66.000000 -1.819544
10000.000000 10000.000000 10000.000000
10000.000000 10000.000000 10000.000000
10000.000000 10000.000000 10000.000000
10000.000000 10000.000000 10000.000000
10000.000000 10000.000000 10000.000000
10000.000000 10000.000000 10000.000000
10000.000000 10000.000000 10000.000000
10000.000000 10000.000000 10000.000000
10000.000000 10000.000000 10000.000000
10000.000000 10000.000000 10000.000000
10000.000000 10000.000000 10000.000000
10000.000000 10000.000000 10000.000000
10000.000000 10000.000000 10000.000000
10000.000000 10000.000000 10000.000000
10000.000000 10000.000000 10000.000000
10000.000000 10000.000000 10000.000000
10000.000000 10000.000000 10000.000000
10000.000000 10000.000000 10000.000000
10000.000000 10000.000000 10000.000000
10000.000000 10000.000000 10000.000000
10000.000000 10000.000000 10000.000000
155.455000 102.416000 95.466000
152.594000 101.775000 93.030000
150.910000 98.919000 94.906000
151.358000 100.044000 98.512000
148.166000 98.458000 99.865000
146.056000 95.426000 98.950000
142.252000 95.276000 98.896000
140.973000 95.797000 102.442000
10000.000000 10000.000000 10000.000000
10000.000000 10000.000000 10000.000000
144.419000 95.618000 104.054000
145.492000 98.216000 106.670000
148.848000 99.071000 108.247000
151.543000 101.599000 109.120000
153.299000 103.008000 106.100000
156.849000 104.309000 106.480000
158.097000 106.351000 103.531000
160.899000 108.906000 103.089000
160.210000 111.755000 100.680000
162.322000 114.454000 99.073000
161.326000 117.942000 97.916000
163.125000 121.124000 96.870000
161.037000 123.467000 99.017000
158.927000 123.523000 102.162000
155.382000 122.142000 101.907000
152.368000 121.927000 104.213000
150.709000 119.015000 102.423000
148.151000 116.239000 102.739000
148.761000 112.532000 102.055000
146.351000 110.253000 100.181000
145.773000 106.849000 98.694000
145.187000 107.394000 94.955000
143.987000 104.655000 92.609000
144.900000 104.999000 88.955000
143.171000 102.639000 86.550000
144.767000 102.172000 83.163000
10000.000000 10000.000000 10000.000000
10000.000000 10000.000000 10000.000000
10000.000000 10000.000000 10000.000000
10000.000000 10000.000000 10000.000000
10000.000000 10000.000000 10000.000000
142.650000 100.213000 80.738000
141.808000 99.886000 77.017000
138.448000 100.065000 75.299000
138.147000 98.368000 71.897000
136.710000 100.892000 69.446000
136.182000 98.670000 66.404000
136.302000 95.077000 65.245000
133.872000 92.376000 66.302000
136.095000 91.018000 69.084000
139.580000 91.564000 70.471000
141.204000 89.265000 67.917000
139.667000 90.811000 64.792000
142.502000 92.691000 63.051000
140.024000 95.458000 62.363000
140.394000 96.322000 66.048000
142.023000 99.460000 67.447000
142.283000 100.028000 71.204000
141.594000 103.393000 72.820000
143.668000 103.640000 76.064000
142.188000 105.187000 79.202000
143.447000 106.515000 82.528000
10000.000000 10000.000000 10000.000000
10000.000000 10000.000000 10000.000000
10000.000000 10000.000000 10000.000000
10000.000000 10000.000000 10000.000000
10000.000000 10000.000000 10000.000000
10000.000000 10000.000000 10000.000000
10000.000000 10000.000000 10000.000000
10000.000000 10000.000000 10000.000000
10000.000000 10000.000000 10000.000000
10000.000000 10000.000000 10000.000000
10000.000000 10000.000000 10000.000000
10000.000000 10000.000000 10000.000000
10000.000000 10000.000000 10000.000000
10000.000000 10000.000000 10000.000000
10000.000000 10000.000000 10000.000000
10000.000000 10000.000000 10000.000000
10000.000000 10000.000000 10000.000000
10000.000000 10000.000000 10000.000000
10000.000000 10000.000000 10000.000000
10000.000000 10000.000000 10000.000000
10000.000000 10000.000000 10000.000000
10000.000000 10000.000000 10000.000000
10000.000000 10000.000000 10000.000000
10000.000000 10000.000000 10000.000000
10000.000000 10000.000000 10000.000000
10000.000000 10000.000000 10000.000000
