Score: 10.290000 720.000000 -2.857332
2.135000 13.601000 15.312000
2.252000 10.067000 14.003000
4.055000 7.816000 16.449000
7.858000 7.987000 16.293000
7.928000 10.375000 13.324000
9.961000 13.594000 13.395000
6.821000 15.544000 14.283000
6.225000 13.201000 17.215000
9.842000 13.589000 18.362000
9.484000 17.372000 18.329000
6.183000 17.201000 20.236000
7.701000 14.860000 22.834000
10.682000 17.148000 23.409000
8.331000 20.064000 24.008000
6.124000 18.018000 26.348000
9.147000 16.950000 28.361000
10.172000 20.589000 28.708000
6.679000 21.428000 29.941000
23.200000 14.190000 31.542000
23.348000 12.361000 28.219000
21.598000 11.634000 24.928000
19.047000 8.816000 24.759000
17.704000 6.944000 21.754000
14.445000 5.012000 21.819000
14.873000 2.581000 18.942000
12.218000 0.467000 17.280000
13.655000 -2.642000 15.655000
13.176000 -3.311000 11.919000
9.483000 -3.830000 11.290000
8.436000 -3.778000 7.594000
4.694000 -4.096000 8.205000
5.050000 -1.085000 10.504000
13.997000 0.453000 12.088000
13.574000 3.964000 13.440000
14.526000 5.813000 16.578000
13.742000 8.986000 18.456000
16.966000 10.577000 19.705000
16.780000 12.942000 22.665000
19.457000 15.432000 23.711000
10000.000000 10000.000000 10000.000000
18.553000 15.409000 27.414000
20.176000 17.659000 29.989000
10000.000000 10000.000000 10000.000000
10000.000000 10000.000000 10000.000000
19.341000 18.445000 33.624000
15.598000 17.912000 33.325000
15.252000 19.584000 29.928000
15.129000 18.320000 26.351000
17.611000 20.388000 24.339000
16.455000 18.795000 21.108000
10000.000000 10000.000000 10000.000000
14.922000 15.723000 19.505000
14.940000 14.010000 16.113000
13.634000 10.859000 14.461000
16.235000 8.866000 12.521000
16.099000 5.774000 10.308000
18.513000 2.927000 10.983000
21.167000 2.772000 13.710000
20.928000 5.675000 16.157000
23.821000 7.477000 17.835000
23.463000 8.261000 21.526000
25.027000 7.764000 24.951000
22.205000 5.331000 25.718000
20.423000 3.343000 23.027000
17.426000 1.237000 24.017000
15.979000 -0.984000 21.332000
12.847000 -3.107000 21.341000
3.602000 3.495000 26.360000
0.317000 1.929000 27.471000
1.839000 1.640000 30.928000
1.860000 -2.164000 31.024000
5.604000 -2.697000 31.147000
7.816000 -0.919000 33.683000
10.982000 0.214000 31.826000
13.665000 -0.729000 34.365000
12.485000 -4.315000 34.867000
12.023000 -4.688000 31.102000
15.596000 -3.471000 30.620000
16.959000 -5.964000 33.158000
15.209000 -8.872000 31.419000
16.199000 -7.688000 27.963000
12.639000 -7.005000 26.704000
13.970000 -3.500000 26.292000
17.517000 -4.047000 25.084000
20.270000 -1.661000 26.093000
24.645000 1.308000 24.287000
25.164000 2.276000 27.922000
24.689000 0.455000 31.253000
21.552000 -0.324000 33.239000
10000.000000 10000.000000 10000.000000
10000.000000 10000.000000 10000.000000
10000.000000 10000.000000 10000.000000
10000.000000 10000.000000 10000.000000
10000.000000 10000.000000 10000.000000
10000.000000 10000.000000 10000.000000
10000.000000 10000.000000 10000.000000
10000.000000 10000.000000 10000.000000
10000.000000 10000.000000 10000.000000
10000.000000 10000.000000 10000.000000
10000.000000 10000.000000 10000.000000
10000.000000 10000.000000 10000.000000
10000.000000 10000.000000 10000.000000
10000.000000 10000.000000 10000.000000
10000.000000 10000.000000 10000.000000
10000.000000 10000.000000 10000.000000
10000.000000 10000.000000 10000.000000
10000.000000 10000.000000 10000.000000
10000.000000 10000.000000 10000.000000
10000.000000 10000.000000 10000.000000
