Score: 22.200000 71.000000 -1.851258
10000.000000 10000.000000 10000.000000
10000.000000 10000.000000 10000.000000
10000.000000 10000.000000 10000.000000
10000.000000 10000.000000 10000.000000
10000.000000 10000.000000 10000.000000
10000.000000 10000.000000 10000.000000
10000.000000 10000.000000 10000.000000
10000.000000 10000.000000 10000.000000
10000.000000 10000.000000 10000.000000
10000.000000 10000.000000 10000.000000
10000.000000 10000.000000 10000.000000
10000.000000 10000.000000 10000.000000
10000.000000 10000.000000 10000.000000
10000.000000 10000.000000 10000.000000
10000.000000 10000.000000 10000.000000
10000.000000 10000.000000 10000.000000
10000.000000 10000.000000 10000.000000
10000.000000 10000.000000 10000.000000
10000.000000 10000.000000 10000.000000
10000.000000 10000.000000 10000.000000
10000.000000 10000.000000 10000.000000
10000.000000 10000.000000 10000.000000
10000.000000 10000.000000 10000.000000
10000.000000 10000.000000 10000.000000
10000.000000 10000.000000 10000.000000
10000.000000 10000.000000 10000.000000
10000.000000 10000.000000 10000.000000
10000.000000 10000.000000 10000.000000
10000.000000 10000.000000 10000.000000
10000.000000 10000.000000 10000.000000
10000.000000 10000.000000 10000.000000
10000.000000 10000.000000 10000.000000
10000.000000 10000.000000 10000.000000
10000.000000 10000.000000 10000.000000
10000.000000 10000.000000 10000.000000
10000.000000 10000.000000 10000.000000
-17.113000 47.219000 19.808000
-14.982000 50.083000 21.062000
-16.408000 52.351000 18.363000
-19.900000 51.406000 19.509000
-18.934000 52.172000 23.108000
-17.777000 55.697000 22.242000
-21.235000 56.246000 20.744000
-23.256000 54.086000 23.129000
-26.247000 56.408000 23.569000
-26.534000 56.751000 19.798000
-26.266000 53.054000 18.954000
-28.818000 52.253000 21.654000
-31.341000 54.799000 20.404000
-30.689000 53.703000 16.832000
-31.333000 50.050000 17.696000
-34.521000 50.764000 19.647000
-35.774000 52.967000 16.813000
-35.065000 50.326000 14.159000
-38.120000 48.261000 13.255000
-35.923000 45.239000 12.473000
-32.436000 43.977000 13.299000
-31.611000 44.300000 9.604000
-32.436000 48.007000 9.659000
-30.349000 48.231000 12.827000
-27.457000 46.348000 11.225000
-27.576000 48.695000 8.233000
-27.923000 51.798000 10.403000
-24.947000 50.796000 12.541000
-22.697000 50.186000 9.542000
-23.380000 53.719000 8.373000
-23.470000 55.307000 11.825000
-20.139000 53.770000 12.888000
-18.347000 53.102000 9.585000
-17.899000 49.358000 10.085000
-18.502000 46.153000 8.113000
-21.289000 43.592000 8.515000
-19.285000 41.276000 10.767000
-18.391000 44.091000 13.166000
-21.973000 45.366000 13.022000
-23.278000 41.897000 13.841000
-20.950000 41.566000 16.838000
-18.811000 49.946000 33.830000
-16.083000 47.373000 34.444000
-17.332000 45.315000 31.493000
-16.998000 48.256000 29.103000
-13.455000 48.931000 30.311000
-12.679000 45.254000 29.761000
-13.357000 45.712000 26.049000
-10.997000 48.697000 25.907000
-8.307000 46.885000 27.886000
10000.000000 10000.000000 10000.000000
-8.702000 43.802000 25.700000
-8.118000 45.768000 22.501000
-4.819000 47.034000 23.890000
-3.816000 43.516000 24.953000
-4.708000 42.059000 21.567000
-2.735000 44.673000 19.634000
0.238000 44.038000 21.920000
-0.093000 40.292000 21.315000
-0.241000 40.694000 17.532000
2.969000 42.723000 17.650000
4.813000 40.126000 19.736000
3.523000 37.366000 17.480000
4.735000 39.163000 14.345000
8.074000 39.536000 16.118000
8.393000 35.792000 16.744000
7.660000 35.131000 13.079000
10.450000 37.528000 12.124000
13.055000 36.189000 14.559000
14.304000 32.547000 14.375000
10000.000000 10000.000000 10000.000000
10000.000000 10000.000000 10000.000000
10000.000000 10000.000000 10000.000000
