Score: 22.200000 79.000000 -1.897627
10000.000000 10000.000000 10000.000000
10000.000000 10000.000000 10000.000000
10000.000000 10000.000000 10000.000000
10000.000000 10000.000000 10000.000000
10000.000000 10000.000000 10000.000000
10000.000000 10000.000000 10000.000000
10000.000000 10000.000000 10000.000000
10000.000000 10000.000000 10000.000000
10000.000000 10000.000000 10000.000000
10000.000000 10000.000000 10000.000000
10000.000000 10000.000000 10000.000000
10000.000000 10000.000000 10000.000000
37.275000 17.151000 32.963000
38.955000 15.780000 29.822000
35.949000 13.626000 28.945000
33.528000 16.495000 29.644000
35.541000 18.771000 27.340000
35.490000 16.185000 24.541000
31.691000 15.978000 24.589000
31.204000 19.675000 25.260000
29.526000 19.041000 28.613000
29.664000 21.038000 31.830000
31.216000 18.152000 33.716000
31.478000 14.390000 33.999000
31.138000 11.586000 36.539000
33.480000 8.630000 36.008000
31.970000 5.316000 37.147000
33.615000 1.923000 37.610000
31.976000 0.338000 34.530000
29.760000 1.442000 31.655000
26.961000 -0.629000 33.152000
27.265000 1.252000 36.454000
27.035000 4.570000 34.582000
18.466000 5.254000 36.019000
18.889000 5.342000 39.825000
19.000000 9.169000 39.853000
15.991000 9.750000 37.587000
13.759000 6.750000 38.333000
11.899000 5.444000 41.385000
9.140000 2.839000 41.659000
6.307000 3.810000 39.344000
8.431000 6.013000 37.108000
8.808000 5.085000 33.456000
11.907000 4.699000 31.288000
11.631000 4.493000 27.500000
14.562000 2.618000 25.916000
15.547000 1.489000 22.376000
14.106000 -1.825000 21.264000
17.565000 -2.723000 19.985000
19.751000 -1.347000 22.785000
22.871000 -2.980000 24.277000
22.148000 -6.396000 25.754000
18.909000 -7.049000 30.868000
19.422000 -4.448000 33.633000
16.146000 -2.611000 32.940000
14.196000 -5.813000 32.492000
15.569000 -7.363000 35.676000
14.704000 -4.335000 37.806000
11.364000 -3.496000 36.237000
10.406000 -7.138000 36.931000
10.927000 -6.314000 40.627000
8.825000 -3.147000 40.539000
11.812000 -0.765000 40.855000
10.570000 1.227000 37.834000
8.734000 0.733000 34.558000
10.424000 0.230000 31.207000
9.120000 0.581000 27.668000
11.626000 1.259000 17.978000
12.611000 4.913000 18.227000
12.769000 5.050000 14.429000
8.995000 4.538000 14.281000
7.523000 8.029000 14.869000
4.089000 6.642000 15.810000
5.491000 4.049000 18.236000
7.844000 6.650000 19.719000
5.070000 9.263000 20.046000
2.893000 6.800000 21.984000
5.704000 5.874000 24.369000
6.458000 9.536000 25.109000
2.714000 10.119000 25.693000
3.076000 7.781000 28.680000
5.232000 10.581000 30.102000
10000.000000 10000.000000 10000.000000
10000.000000 10000.000000 10000.000000
10000.000000 10000.000000 10000.000000
10000.000000 10000.000000 10000.000000
8.519000 8.848000 30.942000
11.004000 10.453000 33.322000
13.970000 9.325000 31.237000
14.589000 8.390000 27.597000
17.629000 6.376000 26.585000
18.892000 6.695000 22.989000
21.623000 4.399000 21.546000
10000.000000 10000.000000 10000.000000
10000.000000 10000.000000 10000.000000
10000.000000 10000.000000 10000.000000
10000.000000 10000.000000 10000.000000
10000.000000 10000.000000 10000.000000
10000.000000 10000.000000 10000.000000
10000.000000 10000.000000 10000.000000
10000.000000 10000.000000 10000.000000
10000.000000 10000.000000 10000.000000
10000.000000 10000.000000 10000.000000
10000.000000 10000.000000 10000.000000
10000.000000 10000.000000 10000.000000
10000.000000 10000.000000 10000.000000
10000.000000 10000.000000 10000.000000
10000.000000 10000.000000 10000.000000
10000.000000 10000.000000 10000.000000
