Score: 10.850000 560.000000 -2.748188
10000.000000 10000.000000 10000.000000
10000.000000 10000.000000 10000.000000
10000.000000 10000.000000 10000.000000
10000.000000 10000.000000 10000.000000
10000.000000 10000.000000 10000.000000
10000.000000 10000.000000 10000.000000
10000.000000 10000.000000 10000.000000
10000.000000 10000.000000 10000.000000
10000.000000 10000.000000 10000.000000
10000.000000 10000.000000 10000.000000
10000.000000 10000.000000 10000.000000
-3.103000 -4.449000 20.214000
-4.920000 -7.312000 22.016000
-7.612000 -7.410000 19.336000
-4.884000 -7.388000 16.656000
-3.054000 -10.288000 18.348000
-6.310000 -12.241000 18.869000
-7.864000 -11.790000 15.442000
-4.880000 -11.272000 13.142000
-1.794000 -12.645000 14.929000
-0.238000 -9.155000 14.805000
2.645000 -8.624000 17.239000
3.151000 -6.051000 19.967000
5.454000 -5.668000 22.931000
5.271000 -4.051000 26.380000
8.336000 -2.825000 28.275000
8.159000 -1.848000 31.925000
15.384000 1.516000 41.315000
18.013000 4.223000 41.922000
16.534000 7.541000 43.113000
19.664000 9.497000 42.169000
19.068000 8.794000 38.485000
15.350000 8.040000 38.307000
13.937000 11.381000 37.201000
16.587000 11.995000 34.507000
16.243000 8.400000 33.222000
12.470000 8.781000 33.015000
12.844000 12.062000 31.147000
15.199000 10.333000 28.721000
10000.000000 10000.000000 10000.000000
12.678000 7.497000 28.187000
9.756000 9.977000 27.710000
11.832000 11.799000 25.071000
12.549000 8.527000 23.220000
8.871000 7.994000 22.327000
8.443000 7.345000 18.631000
5.453000 7.082000 16.306000
2.483000 5.294000 17.832000
4.265000 3.782000 20.812000
2.368000 4.998000 23.873000
3.666000 5.467000 27.434000
2.440000 5.637000 30.996000
4.358000 7.250000 33.851000
3.606000 5.152000 36.900000
4.626000 4.189000 40.449000
4.513000 0.507000 41.392000
3.421000 -1.045000 44.711000
6.938000 -0.421000 46.082000
6.926000 3.340000 45.336000
9.369000 3.175000 42.454000
8.910000 4.929000 39.156000
7.816000 2.648000 36.337000
7.759000 3.897000 32.763000
5.517000 1.500000 30.781000
5.828000 1.532000 26.998000
3.527000 -0.233000 24.539000
4.903000 -0.865000 21.037000
1.981000 -1.640000 18.689000
2.599000 -3.692000 15.560000
6.151000 -4.448000 16.627000
7.750000 -7.900000 16.192000
10.484000 -9.388000 18.417000
12.868000 -8.153000 15.770000
12.397000 -4.566000 16.250000
11.540000 -4.709000 20.007000
15.202000 -5.563000 19.891000
15.889000 -2.740000 17.475000
14.094000 -0.489000 20.004000
16.314000 -1.500000 22.916000
19.352000 -1.206000 20.734000
18.290000 2.377000 19.936000
17.567000 3.092000 23.554000
10000.000000 10000.000000 10000.000000
10000.000000 10000.000000 10000.000000
10000.000000 10000.000000 10000.000000
10000.000000 10000.000000 10000.000000
10000.000000 10000.000000 10000.000000
10000.000000 10000.000000 10000.000000
10000.000000 10000.000000 10000.000000
10000.000000 10000.000000 10000.000000
10000.000000 10000.000000 10000.000000
10000.000000 10000.000000 10000.000000
10000.000000 10000.000000 10000.000000
10000.000000 10000.000000 10000.000000
10000.000000 10000.000000 10000.000000
10000.000000 10000.000000 10000.000000
10000.000000 10000.000000 10000.000000
10000.000000 10000.000000 10000.000000
10000.000000 10000.000000 10000.000000
10000.000000 10000.000000 10000.000000
10000.000000 10000.000000 10000.000000
10000.000000 10000.000000 10000.000000
10000.000000 10000.000000 10000.000000
10000.000000 10000.000000 10000.000000
10000.000000 10000.000000 10000.000000
10000.000000 10000.000000 10000.000000
10000.000000 10000.000000 10000.000000
10000.000000 10000.000000 10000.000000
10000.000000 10000.000000 10000.000000
