Score: 21.100000 173.000000 -2.238046
10000.000000 10000.000000 10000.000000
10000.000000 10000.000000 10000.000000
10000.000000 10000.000000 10000.000000
10000.000000 10000.000000 10000.000000
10000.000000 10000.000000 10000.000000
10000.000000 10000.000000 10000.000000
10000.000000 10000.000000 10000.000000
10000.000000 10000.000000 10000.000000
37.612000 -20.432000 38.905000
37.131000 -18.975000 42.397000
36.115000 -22.394000 43.752000
39.286000 -23.901000 42.237000
41.311000 -21.111000 43.812000
39.697000 -21.899000 47.168000
42.323000 -28.461000 50.314000
45.481000 -29.516000 52.191000
43.511000 -29.102000 55.437000
41.097000 -31.760000 54.215000
43.855000 -34.209000 53.322000
43.994000 -33.136000 49.711000
46.974000 -32.297000 47.537000
46.604000 -28.908000 45.801000
49.371000 -30.171000 43.544000
47.026000 -32.784000 42.092000
43.596000 -31.396000 41.245000
41.384000 -33.006000 38.629000
38.328000 -31.276000 37.254000
35.506000 -33.309000 35.767000
31.954000 -32.594000 34.703000
29.085000 -33.720000 32.523000
27.266000 -31.711000 29.859000
27.382000 -28.005000 30.687000
29.776000 -29.199000 33.371000
31.820000 -30.845000 30.636000
32.853000 -25.715000 31.652000
35.838000 -28.024000 32.078000
36.663000 -27.551000 28.403000
36.293000 -23.790000 28.866000
38.638000 -23.865000 31.857000
41.213000 -25.712000 29.749000
41.125000 -22.821000 27.255000
41.170000 -20.019000 29.846000
44.183000 -18.036000 31.184000
42.327000 -17.447000 34.449000
42.454000 -21.164000 35.278000
46.217000 -21.498000 34.854000
47.808000 -23.660000 37.566000
10000.000000 10000.000000 10000.000000
10000.000000 10000.000000 10000.000000
44.422000 -24.420000 39.141000
44.098000 -27.998000 37.868000
46.418000 -30.701000 36.518000
44.062000 -33.172000 34.821000
40.693000 -32.800000 33.111000
37.628000 -34.842000 32.189000
34.742000 -33.694000 29.971000
31.743000 -36.029000 29.980000
29.221000 -35.506000 27.162000
30.073000 -31.873000 26.495000
32.850000 -29.608000 25.279000
33.445000 -25.950000 24.411000
32.601000 -26.806000 20.794000
29.045000 -27.787000 21.778000
27.806000 -24.648000 19.994000
24.511000 -24.269000 21.884000
26.402000 -23.413000 25.105000
28.801000 -20.929000 23.496000
27.339000 -17.628000 22.305000
29.223000 -16.516000 19.220000
28.460000 -13.214000 17.538000
26.553000 -10.238000 18.912000
24.959000 -10.951000 22.287000
23.277000 -7.546000 22.613000
19.937000 -8.755000 21.116000
19.471000 -11.460000 23.778000
20.391000 -9.021000 26.546000
17.858000 -6.464000 25.356000
15.179000 -9.140000 25.134000
15.858000 -10.179000 28.726000
15.723000 -6.601000 30.000000
10000.000000 10000.000000 10000.000000
10000.000000 10000.000000 10000.000000
10000.000000 10000.000000 10000.000000
10000.000000 10000.000000 10000.000000
10000.000000 10000.000000 10000.000000
10000.000000 10000.000000 10000.000000
10000.000000 10000.000000 10000.000000
10000.000000 10000.000000 10000.000000
10000.000000 10000.000000 10000.000000
10000.000000 10000.000000 10000.000000
10000.000000 10000.000000 10000.000000
10000.000000 10000.000000 10000.000000
10000.000000 10000.000000 10000.000000
10000.000000 10000.000000 10000.000000
10000.000000 10000.000000 10000.000000
10000.000000 10000.000000 10000.000000
10000.000000 10000.000000 10000.000000
10000.000000 10000.000000 10000.000000
10000.000000 10000.000000 10000.000000
10000.000000 10000.000000 10000.000000
10000.000000 10000.000000 10000.000000
10000.000000 10000.000000 10000.000000
10000.000000 10000.000000 10000.000000
10000.000000 10000.000000 10000.000000
10000.000000 10000.000000 10000.000000
10000.000000 10000.000000 10000.000000
10000.000000 10000.000000 10000.000000
10000.000000 10000.000000 10000.000000
10000.000000 10000.000000 10000.000000
