Score: 14.330000 120.000000 -2.079181
10000.000000 10000.000000 10000.000000
10000.000000 10000.000000 10000.000000
10000.000000 10000.000000 10000.000000
10000.000000 10000.000000 10000.000000
10000.000000 10000.000000 10000.000000
10000.000000 10000.000000 10000.000000
10000.000000 10000.000000 10000.000000
10000.000000 10000.000000 10000.000000
10000.000000 10000.000000 10000.000000
10000.000000 10000.000000 10000.000000
10000.000000 10000.000000 10000.000000
10000.000000 10000.000000 10000.000000
10000.000000 10000.000000 10000.000000
10000.000000 10000.000000 10000.000000
-71.773000 1.058000 24.819000
-70.088000 -1.211000 22.317000
-71.289000 -4.482000 23.804000
-74.624000 -3.048000 24.911000
-75.301000 -1.430000 21.526000
-74.034000 -4.102000 19.082000
-71.536000 -1.574000 17.737000
-66.157000 0.158000 15.936000
-65.409000 2.799000 18.583000
-63.592000 5.851000 17.307000
-61.823000 8.645000 19.154000
-60.109000 11.614000 17.604000
-56.366000 11.602000 18.074000
-54.453000 14.121000 15.973000
-50.991000 13.628000 14.539000
-49.943000 16.001000 17.289000
-51.530000 13.726000 19.857000
-49.240000 11.154000 18.262000
-46.016000 13.166000 18.335000
-46.700000 13.936000 21.976000
-47.106000 10.234000 22.887000
-44.004000 9.202000 20.971000
-41.633000 11.568000 22.751000
-43.595000 11.234000 25.964000
-42.941000 7.469000 25.632000
10000.000000 10000.000000 10000.000000
-39.466000 7.880000 24.214000
-38.087000 9.408000 27.432000
-40.339000 7.393000 29.655000
-38.734000 4.234000 28.272000
-41.637000 2.068000 27.114000
-39.851000 1.728000 23.781000
-40.141000 -1.879000 22.618000
-43.053000 -2.826000 20.533000
-44.919000 -0.479000 22.760000
-42.914000 2.493000 21.743000
-44.934000 2.177000 18.515000
-47.218000 5.165000 19.016000
-50.950000 5.659000 18.883000
-52.332000 2.638000 17.033000
-54.477000 3.453000 14.036000
-56.941000 0.638000 14.752000
-58.800000 -5.110000 18.778000
-61.408000 -3.519000 20.994000
-63.551000 -5.893000 23.005000
-65.776000 -7.143000 20.189000
-64.757000 -5.219000 17.082000
-61.972000 -2.614000 16.802000
-61.065000 0.930000 17.904000
-60.300000 3.622000 15.353000
-58.427000 6.949000 15.566000
-58.782000 8.348000 12.032000
-57.728000 11.810000 13.142000
-54.193000 10.421000 13.436000
-53.815000 11.474000 9.828000
-53.894000 15.139000 10.490000
-52.505000 18.100000 12.447000
-54.323000 19.770000 15.321000
-53.589000 22.777000 13.179000
-55.958000 21.355000 10.540000
-58.483000 20.399000 13.241000
-58.858000 24.047000 14.160000
-58.918000 24.956000 10.467000
-61.813000 22.571000 10.001000
-63.555000 23.529000 13.281000
-63.980000 27.265000 12.605000
-64.213000 26.903000 8.806000
-67.171000 24.579000 9.293000
-68.781000 26.371000 12.214000
10000.000000 10000.000000 10000.000000
10000.000000 10000.000000 10000.000000
10000.000000 10000.000000 10000.000000
10000.000000 10000.000000 10000.000000
10000.000000 10000.000000 10000.000000
10000.000000 10000.000000 10000.000000
10000.000000 10000.000000 10000.000000
10000.000000 10000.000000 10000.000000
10000.000000 10000.000000 10000.000000
10000.000000 10000.000000 10000.000000
10000.000000 10000.000000 10000.000000
10000.000000 10000.000000 10000.000000
10000.000000 10000.000000 10000.000000
10000.000000 10000.000000 10000.000000
10000.000000 10000.000000 10000.000000
10000.000000 10000.000000 10000.000000
10000.000000 10000.000000 10000.000000
10000.000000 10000.000000 10000.000000
10000.000000 10000.000000 10000.000000
10000.000000 10000.000000 10000.000000
10000.000000 10000.000000 10000.000000
10000.000000 10000.000000 10000.000000
10000.000000 10000.000000 10000.000000
10000.000000 10000.000000 10000.000000
10000.000000 10000.000000 10000.000000
10000.000000 10000.000000 10000.000000
