Score: 21.500000 105.000000 -2.021189
10000.000000 10000.000000 10000.000000
10000.000000 10000.000000 10000.000000
10000.000000 10000.000000 10000.000000
10000.000000 10000.000000 10000.000000
10000.000000 10000.000000 10000.000000
10000.000000 10000.000000 10000.000000
10000.000000 10000.000000 10000.000000
10000.000000 10000.000000 10000.000000
10000.000000 10000.000000 10000.000000
10000.000000 10000.000000 10000.000000
10000.000000 10000.000000 10000.000000
10000.000000 10000.000000 10000.000000
10000.000000 10000.000000 10000.000000
10000.000000 10000.000000 10000.000000
10000.000000 10000.000000 10000.000000
10000.000000 10000.000000 10000.000000
10000.000000 10000.000000 10000.000000
10000.000000 10000.000000 10000.000000
10000.000000 10000.000000 10000.000000
10000.000000 10000.000000 10000.000000
10000.000000 10000.000000 10000.000000
10000.000000 10000.000000 10000.000000
10000.000000 10000.000000 10000.000000
10000.000000 10000.000000 10000.000000
10000.000000 10000.000000 10000.000000
10000.000000 10000.000000 10000.000000
10000.000000 10000.000000 10000.000000
10000.000000 10000.000000 10000.000000
10000.000000 10000.000000 10000.000000
10000.000000 10000.000000 10000.000000
10000.000000 10000.000000 10000.000000
10000.000000 10000.000000 10000.000000
10000.000000 10000.000000 10000.000000
10000.000000 10000.000000 10000.000000
10000.000000 10000.000000 10000.000000
10000.000000 10000.000000 10000.000000
10000.000000 10000.000000 10000.000000
10000.000000 10000.000000 10000.000000
10000.000000 10000.000000 10000.000000
10000.000000 10000.000000 10000.000000
-27.347000 -4.193000 70.429000
-28.310000 -2.127000 73.458000
-25.202000 -3.198000 75.323000
-22.951000 -3.060000 72.268000
-23.941000 0.510000 71.505000
-23.515000 1.645000 75.130000
-19.835000 0.862000 74.593000
-19.299000 1.562000 70.915000
-20.233000 3.641000 67.878000
-20.519000 2.106000 64.399000
-18.741000 3.775000 61.451000
-19.839000 2.892000 54.524000
-22.425000 0.831000 52.596000
-20.518000 1.264000 49.290000
-16.898000 2.258000 48.672000
-17.180000 2.350000 44.857000
-20.423000 3.845000 43.505000
-18.983000 4.604000 40.040000
-17.709000 1.068000 39.608000
-21.006000 -0.396000 40.790000
-23.069000 1.804000 38.504000
-21.003000 1.085000 35.394000
-20.914000 -2.661000 35.963000
-17.201000 -2.937000 36.776000
-15.813000 -5.944000 38.592000
-12.538000 -4.804000 40.114000
-11.739000 -1.110000 39.769000
-13.099000 2.400000 40.303000
-13.614000 4.973000 37.524000
-9.895000 5.677000 37.152000
-9.092000 1.978000 36.766000
-7.535000 1.744000 40.228000
-8.001000 -1.314000 42.460000
-9.257000 0.427000 45.583000
-7.997000 -2.415000 47.805000
-4.429000 -1.833000 46.601000
-4.438000 1.937000 47.202000
-4.348000 2.159000 50.990000
-0.593000 2.621000 51.195000
-0.591000 5.402000 48.572000
-4.133000 6.833000 48.266000
-4.784000 9.753000 45.936000
-7.453000 12.433000 45.837000
-7.439000 11.960000 42.072000
-6.987000 8.244000 41.415000
-8.503000 6.888000 44.632000
-10.659000 9.585000 46.331000
-12.999000 6.890000 47.714000
-10.165000 5.526000 49.872000
-8.520000 8.890000 50.519000
-11.826000 10.011000 52.049000
-12.208000 7.103000 54.462000
-8.584000 7.304000 55.562000
-9.106000 10.965000 56.427000
-12.117000 10.157000 58.621000
-10.242000 7.314000 60.342000
-7.409000 9.657000 61.331000
10000.000000 10000.000000 10000.000000
10000.000000 10000.000000 10000.000000
-9.925000 12.076000 62.854000
-12.076000 9.650000 64.883000
-9.817000 6.632000 65.427000
-10.301000 2.889000 64.852000
-10.749000 -0.034000 67.300000
-12.018000 -2.638000 64.820000
10000.000000 10000.000000 10000.000000
10000.000000 10000.000000 10000.000000
10000.000000 10000.000000 10000.000000
10000.000000 10000.000000 10000.000000
