Score: 21.900000 94.000000 -1.973128
10000.000000 10000.000000 10000.000000
10000.000000 10000.000000 10000.000000
10000.000000 10000.000000 10000.000000
10000.000000 10000.000000 10000.000000
10000.000000 10000.000000 10000.000000
10000.000000 10000.000000 10000.000000
10000.000000 10000.000000 10000.000000
10000.000000 10000.000000 10000.000000
10000.000000 10000.000000 10000.000000
10000.000000 10000.000000 10000.000000
10000.000000 10000.000000 10000.000000
10000.000000 10000.000000 10000.000000
10000.000000 10000.000000 10000.000000
10000.000000 10000.000000 10000.000000
10000.000000 10000.000000 10000.000000
10000.000000 10000.000000 10000.000000
10000.000000 10000.000000 10000.000000
10000.000000 10000.000000 10000.000000
10000.000000 10000.000000 10000.000000
10000.000000 10000.000000 10000.000000
10000.000000 10000.000000 10000.000000
10000.000000 10000.000000 10000.000000
10000.000000 10000.000000 10000.000000
10000.000000 10000.000000 10000.000000
10000.000000 10000.000000 10000.000000
10000.000000 10000.000000 10000.000000
10000.000000 10000.000000 10000.000000
10000.000000 10000.000000 10000.000000
10000.000000 10000.000000 10000.000000
10000.000000 10000.000000 10000.000000
10000.000000 10000.000000 10000.000000
6.507000 32.886000 10.966000
6.201000 35.619000 8.337000
8.019000 38.690000 7.125000
9.750000 40.325000 4.144000
11.440000 37.697000 1.989000
13.861000 40.320000 0.656000
15.331000 43.408000 2.299000
18.196000 45.825000 1.747000
21.062000 46.311000 4.236000
21.269000 49.197000 6.724000
17.596000 48.690000 7.361000
15.162000 46.893000 9.646000
13.656000 43.405000 9.688000
10.506000 42.590000 11.599000
9.273000 39.044000 11.839000
6.160000 37.694000 13.464000
5.484000 34.340000 15.000000
1.787000 33.806000 14.994000
1.135000 30.867000 17.290000
-1.866000 28.822000 18.271000
-2.499000 26.240000 20.977000
-1.189000 27.886000 24.121000
-0.997000 31.235000 25.882000
2.055000 33.106000 27.091000
0.719000 32.618000 30.617000
2.010000 29.356000 32.105000
5.259000 29.320000 34.144000
8.467000 28.080000 32.535000
6.751000 28.452000 29.161000
8.435000 30.730000 26.631000
9.091000 31.424000 22.954000
12.246000 32.373000 21.017000
13.820000 33.156000 17.612000
16.619000 31.040000 16.074000
18.094000 31.514000 12.611000
20.093000 29.346000 10.279000
22.360000 30.865000 7.585000
22.299000 28.656000 4.476000
24.492000 25.620000 4.887000
25.480000 26.541000 8.415000
24.417000 25.867000 12.007000
21.473000 26.997000 14.088000
22.048000 30.292000 15.921000
19.943000 31.626000 18.819000
18.823000 35.313000 18.763000
16.378000 36.165000 21.537000
13.847000 34.534000 23.868000
10.889000 35.938000 25.750000
5.856000 37.093000 32.795000
7.472000 39.063000 29.935000
11.095000 38.333000 30.877000
13.350000 38.783000 27.816000
16.826000 37.289000 27.176000
19.303000 38.099000 24.365000
22.354000 36.806000 22.465000
25.096000 39.266000 23.510000
26.604000 39.316000 20.048000
23.314000 40.489000 18.537000
10000.000000 10000.000000 10000.000000
10000.000000 10000.000000 10000.000000
10000.000000 10000.000000 10000.000000
10000.000000 10000.000000 10000.000000
10000.000000 10000.000000 10000.000000
10000.000000 10000.000000 10000.000000
10000.000000 10000.000000 10000.000000
10000.000000 10000.000000 10000.000000
10000.000000 10000.000000 10000.000000
10000.000000 10000.000000 10000.000000
10000.000000 10000.000000 10000.000000
10000.000000 10000.000000 10000.000000
10000.000000 10000.000000 10000.000000
10000.000000 10000.000000 10000.000000
10000.000000 10000.000000 10000.000000
10000.000000 10000.000000 10000.000000
10000.000000 10000.000000 10000.000000
10000.000000 10000.000000 10000.000000
10000.000000 10000.000000 10000.000000
10000.000000 10000.000000 10000.000000
