Score: 22.600000 51.000000 -1.707570
10000.000000 10000.000000 10000.000000
10000.000000 10000.000000 10000.000000
10000.000000 10000.000000 10000.000000
10000.000000 10000.000000 10000.000000
10000.000000 10000.000000 10000.000000
10000.000000 10000.000000 10000.000000
10000.000000 10000.000000 10000.000000
10000.000000 10000.000000 10000.000000
10000.000000 10000.000000 10000.000000
10000.000000 10000.000000 10000.000000
10000.000000 10000.000000 10000.000000
10000.000000 10000.000000 10000.000000
10000.000000 10000.000000 10000.000000
10000.000000 10000.000000 10000.000000
10000.000000 10000.000000 10000.000000
10000.000000 10000.000000 10000.000000
10000.000000 10000.000000 10000.000000
10000.000000 10000.000000 10000.000000
10000.000000 10000.000000 10000.000000
10000.000000 10000.000000 10000.000000
10000.000000 10000.000000 10000.000000
10000.000000 10000.000000 10000.000000
10000.000000 10000.000000 10000.000000
10000.000000 10000.000000 10000.000000
10000.000000 10000.000000 10000.000000
10000.000000 10000.000000 10000.000000
10000.000000 10000.000000 10000.000000
10000.000000 10000.000000 10000.000000
10000.000000 10000.000000 10000.000000
10000.000000 10000.000000 10000.000000
10000.000000 10000.000000 10000.000000
37.370000 25.566000 -8.666000
36.408000 22.208000 -10.113000
36.243000 19.807000 -7.162000
35.962000 22.303000 -4.300000
33.814000 21.217000 -1.292000
30.836000 23.307000 0.041000
28.952000 23.276000 3.314000
25.274000 24.069000 2.765000
22.362000 24.710000 5.091000
20.363000 21.445000 5.232000
16.833000 22.983000 5.285000
17.638000 24.266000 1.830000
15.631000 26.036000 -0.866000
14.425000 23.363000 -3.402000
15.978000 24.998000 -6.506000
19.434000 25.545000 -4.888000
19.411000 21.825000 -3.994000
19.109000 20.624000 -7.571000
21.863000 22.907000 -8.861000
24.251000 21.594000 -6.234000
23.401000 17.943000 -5.942000
21.771000 17.293000 -9.334000
24.008000 19.382000 -11.682000
27.260000 20.745000 -10.264000
28.351000 17.400000 -8.817000
28.447000 16.180000 -12.450000
29.648000 19.398000 -14.028000
32.452000 20.905000 -11.889000
33.055000 17.830000 -9.679000
31.682000 19.661000 -6.732000
31.016000 17.994000 -3.460000
28.406000 19.087000 -0.856000
27.510000 18.463000 2.818000
10000.000000 10000.000000 10000.000000
24.226000 19.688000 4.281000
24.377000 20.477000 7.994000
22.077000 22.124000 10.614000
23.915000 25.484000 10.671000
22.001000 26.317000 13.786000
24.696000 24.109000 15.335000
28.045000 25.793000 14.662000
29.628000 22.618000 16.064000
28.149000 20.674000 13.143000
29.615000 23.342000 10.840000
33.052000 22.882000 12.412000
32.637000 19.077000 12.009000
31.543000 19.117000 8.295000
34.563000 21.199000 7.189000
37.423000 19.552000 5.150000
40.711000 20.442000 3.323000
38.772000 20.685000 -0.002000
36.203000 23.021000 1.686000
35.957000 26.461000 0.068000
32.493000 27.849000 0.918000
10000.000000 10000.000000 10000.000000
10000.000000 10000.000000 10000.000000
10000.000000 10000.000000 10000.000000
29.580000 27.896000 3.306000
26.088000 28.659000 2.024000
23.866000 30.123000 4.756000
10000.000000 10000.000000 10000.000000
10000.000000 10000.000000 10000.000000
10000.000000 10000.000000 10000.000000
10000.000000 10000.000000 10000.000000
10000.000000 10000.000000 10000.000000
10000.000000 10000.000000 10000.000000
10000.000000 10000.000000 10000.000000
10000.000000 10000.000000 10000.000000
10000.000000 10000.000000 10000.000000
10000.000000 10000.000000 10000.000000
10000.000000 10000.000000 10000.000000
10000.000000 10000.000000 10000.000000
10000.000000 10000.000000 10000.000000
10000.000000 10000.000000 10000.000000
10000.000000 10000.000000 10000.000000
10000.000000 10000.000000 10000.000000
10000.000000 10000.000000 10000.000000
10000.000000 10000.000000 10000.000000
