Score: 21.900000 99.000000 -1.995635
10000.000000 10000.000000 10000.000000
10000.000000 10000.000000 10000.000000
10000.000000 10000.000000 10000.000000
32.812000 -22.611000 6.232000
31.181000 -21.124000 9.262000
30.610000 -23.837000 11.866000
26.848000 -22.908000 12.073000
24.141000 -25.595000 11.574000
22.401000 -24.626000 8.386000
20.566000 -25.710000 5.339000
22.166000 -25.384000 1.997000
21.244000 -25.294000 -1.654000
23.358000 -26.622000 -4.542000
23.787000 -27.207000 -8.298000
25.820000 -29.622000 -10.439000
28.776000 -28.002000 -12.397000
29.492000 -29.244000 -15.909000
32.025000 -28.844000 -18.714000
30.952000 -28.002000 -22.263000
30.731000 -31.800000 -22.868000
28.471000 -31.853000 -19.825000
32.843000 -30.780000 -13.038000
31.939000 -30.272000 -9.234000
29.411000 -28.259000 -7.413000
28.236000 -24.761000 -6.383000
26.689000 -24.769000 -2.925000
25.318000 -21.822000 -1.041000
24.067000 -21.529000 2.488000
20.476000 -20.509000 2.963000
20.374000 -17.422000 5.216000
17.698000 -18.469000 7.656000
17.489000 -14.934000 9.188000
16.154000 -13.749000 5.906000
13.037000 -15.841000 6.467000
12.542000 -15.244000 10.165000
12.817000 -11.504000 9.600000
10.150000 -11.557000 6.995000
8.101000 -13.821000 9.253000
8.115000 -11.426000 12.121000
6.466000 -8.723000 10.017000
3.100000 -10.413000 10.561000
0.574000 -9.597000 13.178000
-0.629000 -12.929000 14.512000
-1.459000 -12.321000 18.144000
0.505000 -13.779000 20.971000
0.943000 -17.446000 20.187000
1.351000 -16.584000 16.479000
9.421000 -33.013000 8.037000
12.773000 -31.391000 8.491000
12.331000 -27.954000 10.018000
14.336000 -25.158000 8.253000
13.101000 -22.277000 10.236000
10.523000 -21.427000 12.762000
9.262000 -18.097000 14.026000
9.382000 -16.993000 16.917000
11.283000 -19.886000 18.555000
14.146000 -19.693000 15.982000
14.556000 -23.491000 16.073000
15.994000 -25.199000 13.047000
17.274000 -28.656000 11.995000
14.908000 -30.779000 14.026000
10000.000000 10000.000000 10000.000000
10000.000000 10000.000000 10000.000000
10000.000000 10000.000000 10000.000000
10000.000000 10000.000000 10000.000000
10000.000000 10000.000000 10000.000000
10000.000000 10000.000000 10000.000000
10000.000000 10000.000000 10000.000000
10000.000000 10000.000000 10000.000000
10000.000000 10000.000000 10000.000000
10000.000000 10000.000000 10000.000000
10000.000000 10000.000000 10000.000000
10000.000000 10000.000000 10000.000000
10000.000000 10000.000000 10000.000000
10000.000000 10000.000000 10000.000000
10000.000000 10000.000000 10000.000000
10000.000000 10000.000000 10000.000000
10000.000000 10000.000000 10000.000000
10000.000000 10000.000000 10000.000000
10000.000000 10000.000000 10000.000000
10000.000000 10000.000000 10000.000000
10000.000000 10000.000000 10000.000000
10000.000000 10000.000000 10000.000000
10000.000000 10000.000000 10000.000000
10000.000000 10000.000000 10000.000000
10000.000000 10000.000000 10000.000000
10000.000000 10000.000000 10000.000000
10000.000000 10000.000000 10000.000000
10000.000000 10000.000000 10000.000000
10000.000000 10000.000000 10000.000000
10000.000000 10000.000000 10000.000000
10000.000000 10000.000000 10000.000000
10000.000000 10000.000000 10000.000000
10000.000000 10000.000000 10000.000000
10000.000000 10000.000000 10000.000000
10000.000000 10000.000000 10000.000000
10000.000000 10000.000000 10000.000000
10000.000000 10000.000000 10000.000000
10000.000000 10000.000000 10000.000000
10000.000000 10000.000000 10000.000000
10000.000000 10000.000000 10000.000000
10000.000000 10000.000000 10000.000000
10000.000000 10000.000000 10000.000000
10000.000000 10000.000000 10000.000000
10000.000000 10000.000000 10000.000000
10000.000000 10000.000000 10000.000000
10000.000000 10000.000000 10000.000000
10000.000000 10000.000000 10000.000000
10000.000000 10000.000000 10000.000000
