Score: 21.500000 112.000000 -2.049218
10000.000000 10000.000000 10000.000000
10000.000000 10000.000000 10000.000000
10000.000000 10000.000000 10000.000000
10000.000000 10000.000000 10000.000000
10000.000000 10000.000000 10000.000000
10000.000000 10000.000000 10000.000000
10000.000000 10000.000000 10000.000000
10000.000000 10000.000000 10000.000000
10000.000000 10000.000000 10000.000000
10000.000000 10000.000000 10000.000000
10000.000000 10000.000000 10000.000000
10000.000000 10000.000000 10000.000000
10000.000000 10000.000000 10000.000000
10000.000000 10000.000000 10000.000000
10000.000000 10000.000000 10000.000000
10000.000000 10000.000000 10000.000000
10000.000000 10000.000000 10000.000000
21.365000 -9.946000 28.651000
23.869000 -11.056000 26.037000
22.794000 -12.203000 22.604000
20.839000 -9.171000 21.525000
20.700000 -9.018000 17.749000
20.483000 -5.464000 16.470000
20.536000 -3.742000 13.103000
10000.000000 10000.000000 10000.000000
23.681000 -1.878000 12.102000
23.756000 1.499000 10.381000
26.124000 4.277000 9.345000
23.848000 7.011000 10.602000
20.377000 7.572000 12.119000
18.644000 6.913000 8.803000
21.664000 5.482000 7.059000
20.487000 1.984000 7.916000
21.994000 -0.807000 5.859000
21.954000 -4.582000 5.524000
24.449000 -5.003000 8.339000
23.765000 -6.283000 11.854000
25.499000 -6.940000 15.165000
25.079000 -9.039000 18.298000
25.668000 -7.696000 21.783000
27.855000 -9.655000 24.194000
26.464000 -7.559000 27.032000
23.482000 -5.256000 27.832000
23.502000 2.351000 21.488000
19.848000 2.308000 22.549000
19.107000 5.231000 20.254000
21.939000 4.751000 17.798000
21.086000 1.310000 16.437000
17.639000 -0.208000 15.921000
17.487000 -3.458000 17.907000
15.203000 -6.265000 16.670000
16.747000 -9.735000 16.671000
17.366000 -12.918000 18.675000
20.352000 -15.270000 18.432000
19.758000 -19.016000 18.772000
21.775000 -22.272000 18.685000
24.973000 -20.297000 18.197000
25.532000 -18.262000 21.333000
28.448000 -20.440000 22.350000
30.809000 -16.192000 22.916000
34.087000 -17.861000 21.962000
34.296000 -15.586000 18.917000
33.452000 -12.383000 20.731000
35.787000 -13.004000 23.646000
38.835000 -13.340000 21.398000
40.887000 -10.354000 20.275000
44.261000 -11.784000 19.242000
45.199000 -15.128000 17.719000
48.892000 -14.784000 18.488000
51.705000 -12.243000 19.104000
50.056000 -8.983000 17.962000
47.830000 -10.452000 15.283000
44.064000 -10.172000 15.904000
10000.000000 10000.000000 10000.000000
41.982000 -13.312000 15.465000
41.863000 -13.717000 11.695000
38.687000 -12.252000 10.242000
10000.000000 10000.000000 10000.000000
10000.000000 10000.000000 10000.000000
10000.000000 10000.000000 10000.000000
10000.000000 10000.000000 10000.000000
10000.000000 10000.000000 10000.000000
10000.000000 10000.000000 10000.000000
10000.000000 10000.000000 10000.000000
10000.000000 10000.000000 10000.000000
10000.000000 10000.000000 10000.000000
10000.000000 10000.000000 10000.000000
10000.000000 10000.000000 10000.000000
10000.000000 10000.000000 10000.000000
10000.000000 10000.000000 10000.000000
10000.000000 10000.000000 10000.000000
10000.000000 10000.000000 10000.000000
10000.000000 10000.000000 10000.000000
10000.000000 10000.000000 10000.000000
10000.000000 10000.000000 10000.000000
10000.000000 10000.000000 10000.000000
10000.000000 10000.000000 10000.000000
10000.000000 10000.000000 10000.000000
10000.000000 10000.000000 10000.000000
10000.000000 10000.000000 10000.000000
10000.000000 10000.000000 10000.000000
10000.000000 10000.000000 10000.000000
10000.000000 10000.000000 10000.000000
10000.000000 10000.000000 10000.000000
10000.000000 10000.000000 10000.000000
10000.000000 10000.000000 10000.000000
10000.000000 10000.000000 10000.000000
10000.000000 10000.000000 10000.000000
10000.000000 10000.000000 10000.000000
