Score: 21.100000 151.000000 -2.178977
10000.000000 10000.000000 10000.000000
10000.000000 10000.000000 10000.000000
10000.000000 10000.000000 10000.000000
10000.000000 10000.000000 10000.000000
10000.000000 10000.000000 10000.000000
10000.000000 10000.000000 10000.000000
10000.000000 10000.000000 10000.000000
10000.000000 10000.000000 10000.000000
10000.000000 10000.000000 10000.000000
10000.000000 10000.000000 10000.000000
10000.000000 10000.000000 10000.000000
10000.000000 10000.000000 10000.000000
10000.000000 10000.000000 10000.000000
-3.009000 -42.202000 28.569000
-4.110000 -38.713000 29.663000
-0.541000 -38.428000 30.918000
0.793000 -38.360000 27.347000
1.632000 -35.284000 25.237000
-1.778000 -33.959000 24.190000
-0.873000 -31.928000 21.095000
0.955000 -34.765000 19.334000
-1.141000 -37.830000 20.179000
-4.510000 -39.382000 19.416000
-5.446000 -40.225000 23.019000
-8.038000 -42.859000 23.891000
-9.798000 -42.173000 27.170000
-13.015000 -42.915000 28.977000
-16.164000 -40.806000 29.135000
-19.275000 -41.304000 31.238000
-21.561000 -39.566000 28.730000
-23.180000 -42.729000 27.348000
-22.969000 -44.982000 30.397000
-24.503000 -42.340000 32.687000
-29.618000 -42.907000 32.451000
-29.377000 -39.835000 34.662000
-30.975000 -37.578000 32.047000
-32.940000 -40.164000 30.042000
-33.916000 -43.020000 32.446000
-35.150000 -45.477000 29.793000
-31.768000 -45.547000 28.070000
-29.914000 -46.626000 31.207000
-27.621000 -49.548000 30.433000
-28.401000 -49.173000 26.727000
-25.401000 -47.149000 25.620000
-21.647000 -47.295000 25.966000
-19.130000 -44.737000 24.847000
-15.530000 -43.683000 24.682000
-13.463000 -40.634000 23.770000
-10.587000 -39.991000 21.411000
10000.000000 10000.000000 10000.000000
10000.000000 10000.000000 10000.000000
10000.000000 10000.000000 10000.000000
-8.684000 -36.867000 22.407000
-6.958000 -35.222000 19.435000
-4.697000 -32.176000 18.688000
-7.160000 -29.275000 18.407000
-7.333000 -26.698000 21.240000
-11.148000 -26.643000 21.187000
-14.074000 -28.081000 19.247000
-15.415000 -31.614000 19.429000
-17.592000 -34.088000 17.537000
-19.653000 -37.088000 18.537000
-20.220000 -40.157000 16.399000
-23.281000 -42.099000 17.522000
-24.309000 -45.517000 16.228000
-27.636000 -46.915000 17.417000
-29.797000 -49.939000 16.678000
-33.428000 -48.853000 16.563000
-36.823000 -50.542000 16.777000
-38.306000 -48.588000 13.857000
-35.888000 -48.833000 10.930000
-35.991000 -45.468000 9.134000
-37.134000 -45.448000 5.518000
-34.004000 -43.497000 4.579000
-31.191000 -41.194000 5.666000
-33.425000 -38.212000 4.878000
-36.159000 -39.422000 7.232000
10000.000000 10000.000000 10000.000000
10000.000000 10000.000000 10000.000000
10000.000000 10000.000000 10000.000000
10000.000000 10000.000000 10000.000000
10000.000000 10000.000000 10000.000000
10000.000000 10000.000000 10000.000000
10000.000000 10000.000000 10000.000000
10000.000000 10000.000000 10000.000000
10000.000000 10000.000000 10000.000000
10000.000000 10000.000000 10000.000000
10000.000000 10000.000000 10000.000000
10000.000000 10000.000000 10000.000000
10000.000000 10000.000000 10000.000000
10000.000000 10000.000000 10000.000000
10000.000000 10000.000000 10000.000000
10000.000000 10000.000000 10000.000000
10000.000000 10000.000000 10000.000000
10000.000000 10000.000000 10000.000000
10000.000000 10000.000000 10000.000000
10000.000000 10000.000000 10000.000000
10000.000000 10000.000000 10000.000000
10000.000000 10000.000000 10000.000000
10000.000000 10000.000000 10000.000000
10000.000000 10000.000000 10000.000000
10000.000000 10000.000000 10000.000000
10000.000000 10000.000000 10000.000000
10000.000000 10000.000000 10000.000000
10000.000000 10000.000000 10000.000000
10000.000000 10000.000000 10000.000000
10000.000000 10000.000000 10000.000000
10000.000000 10000.000000 10000.000000
10000.000000 10000.000000 10000.000000
