Score: 22.200000 64.000000 -1.806180
10000.000000 10000.000000 10000.000000
10000.000000 10000.000000 10000.000000
10000.000000 10000.000000 10000.000000
10000.000000 10000.000000 10000.000000
10000.000000 10000.000000 10000.000000
10000.000000 10000.000000 10000.000000
10000.000000 10000.000000 10000.000000
10000.000000 10000.000000 10000.000000
10000.000000 10000.000000 10000.000000
10.477000 -10.210000 23.583000
13.354000 -12.528000 24.455000
14.934000 -9.574000 26.248000
11.758000 -8.865000 28.261000
11.414000 -12.597000 28.885000
14.856000 -12.830000 30.474000
14.221000 -9.854000 32.781000
11.009000 -11.444000 34.024000
13.186000 -11.628000 38.605000
11.478000 -14.871000 39.694000
14.497000 -17.069000 40.491000
17.554000 -14.792000 40.784000
16.526000 -11.191000 41.590000
20.169000 -10.365000 42.233000
20.919000 -10.824000 38.528000
18.732000 -7.734000 38.050000
21.760000 -5.637000 38.985000
23.390000 -6.840000 35.766000
20.417000 -5.533000 33.804000
25.297000 2.865000 29.874000
22.474000 5.344000 29.266000
24.130000 7.570000 31.822000
27.567000 7.394000 30.231000
26.765000 7.417000 26.515000
23.517000 9.360000 26.671000
25.048000 12.653000 25.561000
27.024000 11.317000 22.601000
24.129000 9.250000 21.247000
21.735000 12.180000 21.626000
23.692000 14.570000 19.416000
24.380000 11.910000 16.781000
20.656000 11.120000 16.694000
19.607000 14.779000 16.687000
10000.000000 10000.000000 10000.000000
10000.000000 10000.000000 10000.000000
10000.000000 10000.000000 10000.000000
10000.000000 10000.000000 10000.000000
22.018000 15.503000 13.827000
21.291000 12.444000 11.699000
17.506000 12.900000 11.896000
17.018000 16.607000 12.621000
15.339000 16.600000 16.048000
15.611000 20.293000 16.985000
10000.000000 10000.000000 10000.000000
10000.000000 10000.000000 10000.000000
10000.000000 10000.000000 10000.000000
10000.000000 10000.000000 10000.000000
10000.000000 10000.000000 10000.000000
13.396000 19.288000 19.915000
11.576000 16.041000 20.617000
12.562000 12.469000 19.868000
15.431000 12.296000 22.356000
13.741000 12.433000 25.758000
15.387000 9.039000 26.440000
18.916000 10.450000 26.668000
17.818000 13.186000 29.095000
17.780000 12.437000 32.813000
15.589000 15.243000 34.098000
15.603000 14.245000 37.755000
19.390000 14.079000 37.913000
21.214000 17.394000 38.222000
24.808000 16.310000 38.761000
24.976000 13.176000 36.627000
28.710000 12.591000 37.080000
27.995000 12.752000 40.803000
25.158000 10.287000 40.319000
27.372000 7.968000 38.317000
29.565000 7.720000 41.432000
26.798000 7.194000 43.958000
25.694000 4.409000 41.608000
10000.000000 10000.000000 10000.000000
29.107000 2.694000 41.200000
29.549000 3.144000 44.944000
26.130000 1.607000 45.540000
27.298000 -1.481000 43.659000
30.567000 -1.639000 45.626000
28.622000 -1.777000 48.898000
10000.000000 10000.000000 10000.000000
10000.000000 10000.000000 10000.000000
10000.000000 10000.000000 10000.000000
10000.000000 10000.000000 10000.000000
10000.000000 10000.000000 10000.000000
26.449000 -4.719000 47.843000
26.031000 -7.626000 50.324000
27.133000 -10.367000 47.920000
29.868000 -13.009000 47.709000
32.433000 -13.012000 44.896000
30.789000 -16.218000 43.630000
27.495000 -14.520000 42.787000
29.236000 -11.261000 41.839000
30.555000 -13.376000 39.002000
27.103000 -14.656000 37.996000
26.143000 -10.986000 37.700000
29.055000 -10.220000 35.414000
28.115000 -13.155000 33.212000
24.497000 -11.958000 33.119000
25.689000 -8.507000 32.028000
27.476000 -9.991000 29.008000
24.195000 -11.796000 28.331000
22.208000 -8.547000 28.321000
