Score: 21.500000 135.000000 -2.130334
10000.000000 10000.000000 10000.000000
10000.000000 10000.000000 10000.000000
10000.000000 10000.000000 10000.000000
10000.000000 10000.000000 10000.000000
10000.000000 10000.000000 10000.000000
10000.000000 10000.000000 10000.000000
10000.000000 10000.000000 10000.000000
10000.000000 10000.000000 10000.000000
10000.000000 10000.000000 10000.000000
10000.000000 10000.000000 10000.000000
10000.000000 10000.000000 10000.000000
10000.000000 10000.000000 10000.000000
10000.000000 10000.000000 10000.000000
10000.000000 10000.000000 10000.000000
-14.154000 52.616000 51.978000
-15.308000 56.104000 52.999000
-12.356000 58.361000 53.919000
-11.826000 61.664000 55.757000
-13.258000 64.741000 53.966000
-10.318000 66.516000 52.260000
-8.273000 63.333000 52.016000
-7.384000 61.838000 48.646000
-9.820000 59.842000 46.557000
-7.888000 56.743000 45.714000
-9.181000 54.705000 42.774000
-7.459000 51.407000 41.964000
-8.149000 49.453000 38.819000
-7.481000 45.730000 38.590000
-5.795000 43.843000 35.690000
-7.622000 41.504000 33.301000
-9.189000 38.582000 35.184000
-9.023000 40.447000 38.499000
-11.771000 42.215000 40.418000
-12.730000 44.923000 42.902000
-11.026000 42.899000 45.579000
-7.605000 42.655000 44.034000
-6.478000 46.096000 44.991000
-8.829000 47.321000 47.773000
-6.932000 46.152000 50.853000
-3.736000 46.952000 49.093000
-4.761000 50.600000 48.632000
-6.543000 51.018000 51.975000
-3.372000 50.184000 53.947000
-1.396000 52.418000 51.577000
-3.387000 55.636000 52.246000
-4.970000 54.989000 55.580000
-7.251000 58.002000 55.364000
-8.177000 58.218000 51.709000
-11.573000 57.365000 50.412000
-10.835000 54.070000 48.603000
-12.734000 53.234000 45.447000
-12.203000 49.926000 43.759000
-14.469000 48.835000 40.874000
-14.730000 45.649000 38.707000
-14.642000 46.444000 34.992000
-17.822000 46.303000 32.942000
-16.463000 44.165000 30.099000
-16.367000 40.431000 30.454000
-15.610000 35.151000 32.237000
-12.568000 37.469000 32.830000
-13.382000 41.078000 33.789000
-11.885000 44.033000 31.894000
-12.275000 47.805000 31.716000
-12.707000 48.012000 27.858000
-13.051000 45.689000 24.829000
-10.175000 44.352000 22.698000
-10.902000 42.291000 19.584000
-10.074000 38.544000 19.072000
-6.467000 39.252000 17.939000
-6.143000 41.378000 21.137000
-6.184000 44.869000 19.536000
-7.828000 47.734000 21.469000
-11.453000 48.516000 20.624000
-11.036000 52.264000 20.310000
-14.789000 53.069000 20.475000
-15.272000 51.035000 23.617000
10000.000000 10000.000000 10000.000000
10000.000000 10000.000000 10000.000000
-12.163000 52.603000 25.159000
-13.560000 56.054000 24.575000
-16.873000 54.946000 26.103000
10000.000000 10000.000000 10000.000000
10000.000000 10000.000000 10000.000000
10000.000000 10000.000000 10000.000000
10000.000000 10000.000000 10000.000000
10000.000000 10000.000000 10000.000000
10000.000000 10000.000000 10000.000000
10000.000000 10000.000000 10000.000000
10000.000000 10000.000000 10000.000000
10000.000000 10000.000000 10000.000000
10000.000000 10000.000000 10000.000000
10000.000000 10000.000000 10000.000000
10000.000000 10000.000000 10000.000000
10000.000000 10000.000000 10000.000000
10000.000000 10000.000000 10000.000000
10000.000000 10000.000000 10000.000000
10000.000000 10000.000000 10000.000000
10000.000000 10000.000000 10000.000000
10000.000000 10000.000000 10000.000000
10000.000000 10000.000000 10000.000000
10000.000000 10000.000000 10000.000000
10000.000000 10000.000000 10000.000000
10000.000000 10000.000000 10000.000000
10000.000000 10000.000000 10000.000000
10000.000000 10000.000000 10000.000000
10000.000000 10000.000000 10000.000000
10000.000000 10000.000000 10000.000000
10000.000000 10000.000000 10000.000000
10000.000000 10000.000000 10000.000000
