Score: 21.900000 97.000000 -1.986772
10000.000000 10000.000000 10000.000000
10000.000000 10000.000000 10000.000000
10000.000000 10000.000000 10000.000000
10000.000000 10000.000000 10000.000000
10000.000000 10000.000000 10000.000000
10000.000000 10000.000000 10000.000000
10000.000000 10000.000000 10000.000000
10000.000000 10000.000000 10000.000000
10000.000000 10000.000000 10000.000000
10000.000000 10000.000000 10000.000000
10000.000000 10000.000000 10000.000000
10000.000000 10000.000000 10000.000000
10000.000000 10000.000000 10000.000000
10000.000000 10000.000000 10000.000000
10000.000000 10000.000000 10000.000000
10000.000000 10000.000000 10000.000000
10000.000000 10000.000000 10000.000000
11.473000 -8.712000 4.746000
11.464000 -7.848000 1.042000
7.831000 -7.363000 0.010000
5.887000 -5.284000 2.556000
3.163000 -2.603000 2.479000
3.735000 0.274000 4.924000
1.449000 3.312000 5.284000
10000.000000 10000.000000 10000.000000
3.181000 6.623000 4.489000
2.915000 9.623000 6.838000
3.914000 13.303000 6.980000
4.112000 14.389000 10.616000
2.737000 13.914000 14.175000
-0.985000 13.151000 13.797000
-0.659000 13.936000 10.079000
-1.118000 11.014000 7.683000
-1.716000 11.070000 3.932000
-2.911000 8.564000 1.327000
0.423000 7.338000 -0.079000
1.771000 3.773000 -0.038000
5.268000 2.374000 -0.569000
6.323000 -1.264000 -0.934000
9.839000 -2.243000 0.166000
11.496000 -4.623000 -2.310000
14.847000 -4.717000 -0.455000
15.902000 -5.219000 3.221000
14.313000 3.093000 8.049000
12.785000 0.275000 10.151000
10.574000 2.571000 12.215000
10.465000 5.820000 10.215000
7.137000 5.044000 8.517000
4.135000 2.983000 9.647000
2.909000 -0.442000 8.482000
-0.549000 -1.427000 7.135000
-0.307000 -4.365000 4.718000
1.959000 -7.022000 3.193000
2.888000 -8.300000 -0.284000
2.936000 -12.115000 -0.225000
1.856000 -12.768000 -3.821000
3.050000 -9.855000 -5.944000
6.569000 -8.920000 -4.780000
7.824000 -10.312000 -8.108000
10.819000 -6.361000 -8.212000
10.892000 -5.788000 -11.985000
9.570000 -2.250000 -11.400000
12.748000 -1.570000 -9.432000
15.109000 -3.383000 -11.817000
13.759000 -1.432000 -14.826000
15.338000 1.783000 -16.130000
14.823000 4.828000 -13.914000
15.679000 8.538000 -14.140000
18.519000 10.397000 -12.396000
16.295000 11.185000 -9.383000
13.056000 9.211000 -8.988000
11.239000 9.089000 -12.342000
10.124000 5.771000 -13.955000
10000.000000 10000.000000 10000.000000
11.453000 5.485000 -17.521000
9.076000 2.580000 -18.237000
5.254000 2.619000 -18.073000
10000.000000 10000.000000 10000.000000
10000.000000 10000.000000 10000.000000
10000.000000 10000.000000 10000.000000
10000.000000 10000.000000 10000.000000
10000.000000 10000.000000 10000.000000
10000.000000 10000.000000 10000.000000
10000.000000 10000.000000 10000.000000
10000.000000 10000.000000 10000.000000
10000.000000 10000.000000 10000.000000
10000.000000 10000.000000 10000.000000
10000.000000 10000.000000 10000.000000
10000.000000 10000.000000 10000.000000
10000.000000 10000.000000 10000.000000
10000.000000 10000.000000 10000.000000
10000.000000 10000.000000 10000.000000
10000.000000 10000.000000 10000.000000
10000.000000 10000.000000 10000.000000
10000.000000 10000.000000 10000.000000
10000.000000 10000.000000 10000.000000
10000.000000 10000.000000 10000.000000
10000.000000 10000.000000 10000.000000
10000.000000 10000.000000 10000.000000
10000.000000 10000.000000 10000.000000
10000.000000 10000.000000 10000.000000
10000.000000 10000.000000 10000.000000
10000.000000 10000.000000 10000.000000
10000.000000 10000.000000 10000.000000
10000.000000 10000.000000 10000.000000
10000.000000 10000.000000 10000.000000
10000.000000 10000.000000 10000.000000
10000.000000 10000.000000 10000.000000
10000.000000 10000.000000 10000.000000
