Score: 9.320000 1100.000000 -3.041393
10000.000000 10000.000000 10000.000000
10000.000000 10000.000000 10000.000000
10000.000000 10000.000000 10000.000000
10000.000000 10000.000000 10000.000000
10000.000000 10000.000000 10000.000000
10000.000000 10000.000000 10000.000000
10000.000000 10000.000000 10000.000000
10000.000000 10000.000000 10000.000000
10000.000000 10000.000000 10000.000000
10000.000000 10000.000000 10000.000000
10000.000000 10000.000000 10000.000000
10000.000000 10000.000000 10000.000000
10000.000000 10000.000000 10000.000000
10000.000000 10000.000000 10000.000000
10000.000000 10000.000000 10000.000000
10000.000000 10000.000000 10000.000000
10000.000000 10000.000000 10000.000000
10000.000000 10000.000000 10000.000000
10000.000000 10000.000000 10000.000000
10000.000000 10000.000000 10000.000000
10000.000000 10000.000000 10000.000000
10000.000000 10000.000000 10000.000000
10000.000000 10000.000000 10000.000000
10000.000000 10000.000000 10000.000000
10000.000000 10000.000000 10000.000000
10000.000000 10000.000000 10000.000000
10000.000000 10000.000000 10000.000000
12.247000 -8.543000 -3.747000
8.557000 -9.159000 -4.371000
6.657000 -12.450000 -4.798000
6.561000 -13.615000 -8.377000
4.050000 -16.181000 -9.534000
2.108000 -17.515000 -12.496000
-1.543000 -18.598000 -12.656000
-3.605000 -20.310000 -15.339000
-7.289000 -20.153000 -16.186000
-8.151000 -23.152000 -18.331000
-11.564000 -23.447000 -19.876000
-13.342000 -26.390000 -21.473000
10000.000000 10000.000000 10000.000000
-16.752000 -27.453000 -22.765000
-17.559000 -30.773000 -21.081000
-21.061000 -32.337000 -21.254000
-22.095000 -29.202000 -23.197000
-20.973000 -27.200000 -20.100000
-18.407000 -24.357000 -19.727000
10000.000000 10000.000000 10000.000000
-15.955000 -25.484000 -17.059000
-12.847000 -24.034000 -15.418000
-9.992000 -26.065000 -13.860000
-9.510000 -25.510000 -10.139000
-7.263000 -27.181000 -7.571000
-7.858000 -27.575000 -3.874000
-5.033000 -25.982000 -1.826000
-3.039000 -27.868000 0.833000
-0.853000 -24.885000 1.636000
-1.468000 -21.608000 3.368000
-2.784000 -18.978000 2.759000
-6.314000 -20.070000 1.809000
-5.572000 -23.614000 2.973000
-8.459000 -25.892000 2.057000
-9.968000 -23.480000 -0.515000
-10.267000 -23.951000 -4.219000
-8.385000 -21.599000 -6.559000
-6.367000 -21.591000 -9.821000
-3.390000 -23.857000 -10.537000
-0.398000 -21.527000 -10.154000
2.978000 -21.218000 -8.473000
6.533000 -19.994000 -8.159000
9.323000 -19.950000 -10.676000
11.894000 -22.712000 -10.267000
15.161000 -21.392000 -11.812000
13.804000 -21.199000 -18.924000
10.755000 -18.905000 -19.105000
7.374000 -18.048000 -17.577000
5.702000 -20.205000 -20.208000
7.629000 -23.229000 -18.855000
6.665000 -22.295000 -15.275000
2.948000 -22.164000 -16.030000
2.994000 -25.383000 -18.059000
4.922000 -27.161000 -15.319000
2.629000 -25.934000 -12.527000
-0.296000 -27.172000 -14.563000
1.217000 -30.650000 -15.102000
2.299000 -30.880000 -11.474000
-0.984000 -29.839000 -9.819000
-3.324000 -31.002000 -12.551000
10000.000000 10000.000000 10000.000000
10000.000000 10000.000000 10000.000000
10000.000000 10000.000000 10000.000000
10000.000000 10000.000000 10000.000000
10000.000000 10000.000000 10000.000000
10000.000000 10000.000000 10000.000000
10000.000000 10000.000000 10000.000000
10000.000000 10000.000000 10000.000000
10000.000000 10000.000000 10000.000000
10000.000000 10000.000000 10000.000000
10000.000000 10000.000000 10000.000000
10000.000000 10000.000000 10000.000000
10000.000000 10000.000000 10000.000000
10000.000000 10000.000000 10000.000000
10000.000000 10000.000000 10000.000000
10000.000000 10000.000000 10000.000000
10000.000000 10000.000000 10000.000000
10000.000000 10000.000000 10000.000000
10000.000000 10000.000000 10000.000000
10000.000000 10000.000000 10000.000000
10000.000000 10000.000000 10000.000000
10000.000000 10000.000000 10000.000000
