Score: 10.760000 590.000000 -2.770852
10000.000000 10000.000000 10000.000000
10000.000000 10000.000000 10000.000000
10000.000000 10000.000000 10000.000000
10000.000000 10000.000000 10000.000000
10000.000000 10000.000000 10000.000000
10000.000000 10000.000000 10000.000000
10000.000000 10000.000000 10000.000000
10000.000000 10000.000000 10000.000000
-1.594000 5.764000 33.332000
-1.478000 2.158000 34.574000
-1.861000 0.769000 30.998000
0.876000 3.072000 29.765000
3.198000 1.961000 32.591000
2.454000 -1.736000 31.948000
2.934000 -1.316000 28.226000
6.189000 0.608000 28.775000
7.591000 -2.122000 31.060000
6.706000 -4.825000 28.484000
8.346000 -2.828000 25.670000
11.483000 -1.757000 27.521000
10.509000 1.934000 27.622000
12.069000 3.394000 30.788000
9.496000 4.575000 33.281000
10.283000 7.668000 35.436000
8.124000 8.533000 38.442000
7.942000 12.161000 39.663000
6.636000 13.051000 43.143000
5.861000 16.641000 44.148000
6.309000 17.800000 47.745000
5.450000 20.936000 49.681000
6.509000 21.419000 53.334000
4.833000 19.481000 56.176000
1.618000 21.299000 57.211000
1.071000 22.791000 53.715000
-2.485000 22.601000 52.539000
-1.552000 20.407000 49.541000
1.187000 17.845000 48.852000
2.467000 18.180000 52.395000
5.383000 15.966000 53.317000
10000.000000 10000.000000 10000.000000
10000.000000 10000.000000 10000.000000
4.195000 13.103000 55.533000
0.540000 13.446000 54.503000
10000.000000 10000.000000 10000.000000
-1.663000 10.929000 52.679000
-2.210000 13.435000 49.909000
10000.000000 10000.000000 10000.000000
1.494000 13.550000 49.057000
1.809000 9.814000 48.710000
1.910000 8.250000 45.284000
-1.395000 6.689000 44.280000
-1.544000 2.878000 44.362000
-1.435000 2.810000 40.505000
2.148000 4.012000 40.773000
3.166000 2.601000 44.089000
2.280000 -0.998000 43.279000
4.254000 -0.949000 40.011000
7.919000 -1.109000 39.045000
9.814000 1.928000 37.847000
13.272000 2.671000 36.423000
13.860000 6.096000 37.938000
12.450000 8.466000 40.586000
12.601000 12.286000 40.788000
11.232000 14.423000 43.643000
10.365000 18.067000 42.858000
8.954000 21.197000 44.532000
8.477000 23.254000 41.346000
6.149000 22.629000 38.385000
8.898000 21.406000 36.077000
10.450000 17.963000 36.742000
14.718000 22.243000 37.216000
17.632000 21.402000 39.362000
16.985000 17.618000 39.159000
18.851000 14.721000 37.627000
16.197000 14.192000 34.922000
17.926000 15.674000 31.862000
21.166000 13.783000 32.576000
19.389000 10.524000 33.312000
17.456000 10.703000 30.061000
20.572000 11.602000 28.054000
22.467000 8.657000 29.530000
19.745000 6.377000 28.058000
10000.000000 10000.000000 10000.000000
10000.000000 10000.000000 10000.000000
10000.000000 10000.000000 10000.000000
10000.000000 10000.000000 10000.000000
10000.000000 10000.000000 10000.000000
10000.000000 10000.000000 10000.000000
10000.000000 10000.000000 10000.000000
10000.000000 10000.000000 10000.000000
10000.000000 10000.000000 10000.000000
10000.000000 10000.000000 10000.000000
10000.000000 10000.000000 10000.000000
10000.000000 10000.000000 10000.000000
10000.000000 10000.000000 10000.000000
10000.000000 10000.000000 10000.000000
10000.000000 10000.000000 10000.000000
10000.000000 10000.000000 10000.000000
10000.000000 10000.000000 10000.000000
10000.000000 10000.000000 10000.000000
10000.000000 10000.000000 10000.000000
10000.000000 10000.000000 10000.000000
10000.000000 10000.000000 10000.000000
10000.000000 10000.000000 10000.000000
10000.000000 10000.000000 10000.000000
10000.000000 10000.000000 10000.000000
10000.000000 10000.000000 10000.000000
10000.000000 10000.000000 10000.000000
10000.000000 10000.000000 10000.000000
