Score: 21.500000 133.000000 -2.123852
10000.000000 10000.000000 10000.000000
10000.000000 10000.000000 10000.000000
10000.000000 10000.000000 10000.000000
10000.000000 10000.000000 10000.000000
10000.000000 10000.000000 10000.000000
10000.000000 10000.000000 10000.000000
10000.000000 10000.000000 10000.000000
10000.000000 10000.000000 10000.000000
10000.000000 10000.000000 10000.000000
-0.112000 13.062000 12.433000
1.670000 16.262000 13.589000
4.206000 14.155000 15.545000
4.803000 11.922000 12.530000
5.301000 14.880000 10.205000
7.806000 16.361000 12.676000
0.180000 1.136000 9.490000
-1.713000 1.019000 12.795000
-0.831000 -2.210000 14.629000
-3.433000 -3.600000 17.141000
-5.798000 -1.082000 15.531000
-8.781000 -2.478000 17.390000
-12.008000 -0.962000 16.111000
-10.145000 1.294000 13.681000
-11.027000 4.607000 15.330000
-7.556000 6.167000 14.937000
-7.366000 4.856000 11.336000
-10.683000 6.520000 10.458000
-9.293000 9.918000 11.436000
-5.709000 9.342000 10.299000
-7.079000 8.716000 6.761000
-7.752000 12.492000 6.672000
-4.041000 13.177000 7.190000
-2.288000 10.348000 5.333000
-2.774000 9.265000 1.765000
-2.909000 5.578000 2.634000
-3.679000 3.967000 5.980000
-12.548000 -5.945000 16.706000
-11.317000 -6.214000 13.114000
-14.868000 -6.587000 11.788000
-15.778000 -3.287000 13.376000
-12.643000 -1.659000 12.022000
-13.236000 -2.909000 8.474000
-16.776000 -1.476000 8.424000
-15.476000 1.839000 9.683000
-12.600000 1.948000 7.155000
-14.024000 0.284000 4.052000
-11.384000 1.574000 1.643000
-8.349000 0.497000 3.668000
-6.655000 -2.862000 4.024000
-6.984000 -4.270000 7.532000
-5.072000 -7.480000 8.211000
-5.998000 -10.191000 10.728000
-0.338000 -10.826000 15.295000
2.070000 -8.005000 16.119000
4.690000 -10.591000 17.219000
5.194000 -12.050000 13.744000
3.359000 -10.472000 10.826000
4.909000 -9.862000 7.428000
3.105000 -7.646000 4.930000
5.905000 -7.314000 2.347000
5.610000 -3.503000 2.297000
6.740000 -0.516000 4.397000
4.950000 2.642000 5.584000
5.925000 6.221000 6.573000
4.642000 5.549000 10.101000
3.977000 2.393000 12.121000
1.851000 3.118000 15.201000
-0.485000 -7.638000 25.828000
3.004000 -9.044000 25.053000
4.645000 -11.319000 27.631000
8.289000 -10.702000 28.356000
11.228000 -9.032000 26.742000
11.380000 -11.580000 23.952000
7.894000 -10.810000 22.672000
8.416000 -7.078000 23.115000
11.644000 -7.235000 21.090000
9.967000 -9.410000 18.463000
7.143000 -6.876000 17.989000
9.537000 -3.921000 17.821000
11.605000 -5.773000 15.166000
8.407000 -6.371000 13.131000
10000.000000 10000.000000 10000.000000
10000.000000 10000.000000 10000.000000
10000.000000 10000.000000 10000.000000
10000.000000 10000.000000 10000.000000
10000.000000 10000.000000 10000.000000
10000.000000 10000.000000 10000.000000
10000.000000 10000.000000 10000.000000
10000.000000 10000.000000 10000.000000
10000.000000 10000.000000 10000.000000
10000.000000 10000.000000 10000.000000
10000.000000 10000.000000 10000.000000
10000.000000 10000.000000 10000.000000
10000.000000 10000.000000 10000.000000
10000.000000 10000.000000 10000.000000
10000.000000 10000.000000 10000.000000
10000.000000 10000.000000 10000.000000
10000.000000 10000.000000 10000.000000
10000.000000 10000.000000 10000.000000
10000.000000 10000.000000 10000.000000
10000.000000 10000.000000 10000.000000
10000.000000 10000.000000 10000.000000
10000.000000 10000.000000 10000.000000
10000.000000 10000.000000 10000.000000
10000.000000 10000.000000 10000.000000
10000.000000 10000.000000 10000.000000
10000.000000 10000.000000 10000.000000
10000.000000 10000.000000 10000.000000
10000.000000 10000.000000 10000.000000
