Score: 12.210000 310.000000 -2.491362
10000.000000 10000.000000 10000.000000
10000.000000 10000.000000 10000.000000
10000.000000 10000.000000 10000.000000
10000.000000 10000.000000 10000.000000
10000.000000 10000.000000 10000.000000
10000.000000 10000.000000 10000.000000
10000.000000 10000.000000 10000.000000
10000.000000 10000.000000 10000.000000
10000.000000 10000.000000 10000.000000
10000.000000 10000.000000 10000.000000
10000.000000 10000.000000 10000.000000
10000.000000 10000.000000 10000.000000
10000.000000 10000.000000 10000.000000
10000.000000 10000.000000 10000.000000
10000.000000 10000.000000 10000.000000
10000.000000 10000.000000 10000.000000
10000.000000 10000.000000 10000.000000
10000.000000 10000.000000 10000.000000
10000.000000 10000.000000 10000.000000
10000.000000 10000.000000 10000.000000
10000.000000 10000.000000 10000.000000
10000.000000 10000.000000 10000.000000
10000.000000 10000.000000 10000.000000
10000.000000 10000.000000 10000.000000
10000.000000 10000.000000 10000.000000
10000.000000 10000.000000 10000.000000
10000.000000 10000.000000 10000.000000
10000.000000 10000.000000 10000.000000
10000.000000 10000.000000 10000.000000
10000.000000 10000.000000 10000.000000
10000.000000 10000.000000 10000.000000
10000.000000 10000.000000 10000.000000
10000.000000 10000.000000 10000.000000
10000.000000 10000.000000 10000.000000
10000.000000 10000.000000 10000.000000
10000.000000 10000.000000 10000.000000
10000.000000 10000.000000 10000.000000
10000.000000 10000.000000 10000.000000
10000.000000 10000.000000 10000.000000
10000.000000 10000.000000 10000.000000
10000.000000 10000.000000 10000.000000
10000.000000 10000.000000 10000.000000
10000.000000 10000.000000 10000.000000
10000.000000 10000.000000 10000.000000
10000.000000 10000.000000 10000.000000
10000.000000 10000.000000 10000.000000
10000.000000 10000.000000 10000.000000
10000.000000 10000.000000 10000.000000
10000.000000 10000.000000 10000.000000
10000.000000 10000.000000 10000.000000
10000.000000 10000.000000 10000.000000
10000.000000 10000.000000 10000.000000
10000.000000 10000.000000 10000.000000
10000.000000 10000.000000 10000.000000
10000.000000 10000.000000 10000.000000
10000.000000 10000.000000 10000.000000
10000.000000 10000.000000 10000.000000
10000.000000 10000.000000 10000.000000
10000.000000 10000.000000 10000.000000
10000.000000 10000.000000 10000.000000
10000.000000 10000.000000 10000.000000
10000.000000 10000.000000 10000.000000
10000.000000 10000.000000 10000.000000
10000.000000 10000.000000 10000.000000
10000.000000 10000.000000 10000.000000
10000.000000 10000.000000 10000.000000
10000.000000 10000.000000 10000.000000
10000.000000 10000.000000 10000.000000
10000.000000 10000.000000 10000.000000
10000.000000 10000.000000 10000.000000
10000.000000 10000.000000 10000.000000
10000.000000 10000.000000 10000.000000
10000.000000 10000.000000 10000.000000
10000.000000 10000.000000 10000.000000
10000.000000 10000.000000 10000.000000
10000.000000 10000.000000 10000.000000
10000.000000 10000.000000 10000.000000
10000.000000 10000.000000 10000.000000
10000.000000 10000.000000 10000.000000
10000.000000 10000.000000 10000.000000
10000.000000 10000.000000 10000.000000
10000.000000 10000.000000 10000.000000
10000.000000 10000.000000 10000.000000
10000.000000 10000.000000 10000.000000
10000.000000 10000.000000 10000.000000
10000.000000 10000.000000 10000.000000
31.588000 50.865000 10.836000
29.795000 52.547000 7.908000
32.748000 54.890000 7.206000
35.207000 52.049000 6.582000
36.084000 50.291000 3.371000
35.116000 46.642000 3.021000
36.381000 43.569000 1.266000
34.792000 40.177000 1.217000
37.602000 37.608000 1.150000
38.595000 33.959000 1.547000
41.897000 32.076000 1.133000
41.695000 32.281000 -2.640000
40.516000 35.766000 -3.623000
38.810000 38.950000 -2.472000
36.594000 41.794000 -3.723000
36.142000 45.373000 -2.566000
32.410000 45.850000 -1.989000
32.838000 49.302000 -0.415000
35.747000 51.614000 -1.248000
37.270000 53.287000 1.767000
37.153000 57.097000 1.969000
40.559000 58.817000 1.305000
10000.000000 10000.000000 10000.000000
