Score: 22.200000 69.000000 -1.838849
10000.000000 10000.000000 10000.000000
10000.000000 10000.000000 10000.000000
10000.000000 10000.000000 10000.000000
10000.000000 10000.000000 10000.000000
10000.000000 10000.000000 10000.000000
10000.000000 10000.000000 10000.000000
10000.000000 10000.000000 10000.000000
10000.000000 10000.000000 10000.000000
10000.000000 10000.000000 10000.000000
10000.000000 10000.000000 10000.000000
10000.000000 10000.000000 10000.000000
10000.000000 10000.000000 10000.000000
10000.000000 10000.000000 10000.000000
10000.000000 10000.000000 10000.000000
10000.000000 10000.000000 10000.000000
10000.000000 10000.000000 10000.000000
10000.000000 10000.000000 10000.000000
10000.000000 10000.000000 10000.000000
10000.000000 10000.000000 10000.000000
10000.000000 10000.000000 10000.000000
10000.000000 10000.000000 10000.000000
10000.000000 10000.000000 10000.000000
10000.000000 10000.000000 10000.000000
10000.000000 10000.000000 10000.000000
10000.000000 10000.000000 10000.000000
10000.000000 10000.000000 10000.000000
10000.000000 10000.000000 10000.000000
10000.000000 10000.000000 10000.000000
10000.000000 10000.000000 10000.000000
10000.000000 10000.000000 10000.000000
10000.000000 10000.000000 10000.000000
10000.000000 10000.000000 10000.000000
10000.000000 10000.000000 10000.000000
10000.000000 10000.000000 10000.000000
10000.000000 10000.000000 10000.000000
10000.000000 10000.000000 10000.000000
11.512000 -59.668000 76.627000
12.594000 -61.814000 79.590000
10.651000 -64.757000 78.144000
12.453000 -64.234000 74.838000
15.837000 -64.084000 76.538000
15.115000 -67.362000 78.392000
14.344000 -69.032000 75.071000
16.692000 -66.960000 72.906000
18.077000 -69.732000 70.669000
14.494000 -70.751000 69.871000
13.331000 -67.221000 69.297000
16.062000 -66.336000 66.816000
15.714000 -69.669000 65.020000
11.924000 -69.160000 64.762000
12.196000 -65.638000 63.381000
14.794000 -66.666000 60.753000
12.637000 -69.652000 59.697000
9.579000 -67.401000 59.350000
8.821000 -66.310000 55.793000
7.443000 -62.978000 56.900000
7.273000 -60.726000 59.992000
3.571000 -61.495000 60.429000
4.455000 -65.189000 60.540000
7.271000 -64.643000 63.033000
4.922000 -62.579000 65.236000
2.306000 -65.335000 65.344000
4.999000 -67.922000 65.989000
6.377000 -65.925000 68.925000
2.935000 -65.639000 70.504000
2.520000 -69.439000 70.311000
6.107000 -70.169000 71.421000
6.334000 -67.859000 74.426000
2.636000 -67.599000 75.393000
2.628000 -63.774000 74.998000
0.341000 -61.191000 73.400000
0.671000 -59.080000 70.272000
2.266000 -56.075000 71.935000
4.882000 -58.236000 73.683000
5.673000 -60.177000 70.425000
6.038000 -56.852000 68.591000
8.473000 -55.593000 71.212000
25.537000 -59.995000 77.738000
25.376000 -56.820000 79.767000
22.330000 -55.721000 77.765000
20.500000 -59.038000 78.288000
21.093000 -58.648000 82.043000
20.010000 -54.956000 81.870000
16.566000 -56.040000 80.600000
16.176000 -58.595000 83.444000
17.404000 -56.073000 86.048000
10000.000000 10000.000000 10000.000000
15.013000 -53.441000 84.640000
12.022000 -55.733000 85.211000
12.996000 -56.127000 88.889000
13.500000 -52.330000 89.172000
10.245000 -51.441000 87.477000
8.346000 -53.855000 89.803000
9.766000 -52.032000 92.811000
8.761000 -48.728000 91.280000
5.209000 -50.069000 90.775000
4.947000 -51.075000 94.480000
6.136000 -47.644000 95.551000
3.601000 -45.847000 93.261000
0.787000 -48.102000 94.557000
1.784000 -47.126000 98.115000
1.571000 -43.384000 97.268000
-1.956000 -43.839000 95.801000
-3.000000 -45.774000 98.939000
-1.771000 -43.081000 101.391000
-3.241000 -39.597000 101.256000
10000.000000 10000.000000 10000.000000
10000.000000 10000.000000 10000.000000
10000.000000 10000.000000 10000.000000
