Score: 21.900000 87.000000 -1.939519
10000.000000 10000.000000 10000.000000
10000.000000 10000.000000 10000.000000
10000.000000 10000.000000 10000.000000
10000.000000 10000.000000 10000.000000
10000.000000 10000.000000 10000.000000
10000.000000 10000.000000 10000.000000
10000.000000 10000.000000 10000.000000
10000.000000 10000.000000 10000.000000
10000.000000 10000.000000 10000.000000
10000.000000 10000.000000 10000.000000
10000.000000 10000.000000 10000.000000
10000.000000 10000.000000 10000.000000
10000.000000 10000.000000 10000.000000
10000.000000 10000.000000 10000.000000
10000.000000 10000.000000 10000.000000
10000.000000 10000.000000 10000.000000
10000.000000 10000.000000 10000.000000
29.706000 4.652000 12.697000
27.152000 6.915000 14.289000
24.560000 8.770000 12.272000
23.493000 5.980000 9.919000
19.807000 5.804000 8.998000
18.399000 2.315000 8.609000
15.199000 0.278000 8.765000
10000.000000 10000.000000 10000.000000
14.034000 -1.628000 11.799000
12.360000 -4.913000 10.892000
11.171000 -8.308000 12.095000
13.221000 -10.542000 9.831000
14.043000 -10.455000 6.131000
11.890000 -8.321000 3.841000
9.637000 -7.017000 6.624000
10.166000 -3.256000 6.255000
7.328000 -1.031000 7.440000
7.707000 2.482000 8.814000
10.057000 2.007000 11.778000
13.646000 3.184000 11.471000
16.716000 3.855000 13.533000
19.702000 6.154000 13.654000
22.933000 4.673000 14.958000
25.001000 6.123000 17.807000
28.222000 4.163000 17.149000
29.445000 1.367000 14.850000
23.648000 -5.481000 11.878000
25.421000 -5.511000 8.501000
23.341000 -7.382000 5.932000
20.227000 -7.501000 8.118000
18.866000 -3.936000 7.926000
18.546000 -1.625000 4.947000
20.848000 1.380000 5.217000
19.225000 4.257000 3.366000
20.771000 7.497000 4.558000
22.731000 9.321000 7.225000
22.744000 12.452000 9.333000
24.254000 15.402000 7.482000
23.551000 17.963000 10.213000
22.579000 17.502000 13.822000
24.836000 14.635000 14.898000
25.549000 16.556000 18.119000
24.639000 12.093000 20.340000
22.795000 13.846000 23.158000
19.503000 12.029000 22.451000
21.379000 8.742000 22.749000
22.291000 9.573000 26.368000
18.753000 10.151000 27.680000
17.645000 8.143000 30.695000
15.556000 5.097000 29.851000
13.500000 2.582000 31.791000
14.052000 -1.176000 31.982000
12.394000 -1.548000 28.566000
14.770000 1.002000 27.003000
11.956000 3.555000 26.706000
13.009000 7.148000 27.354000
10000.000000 10000.000000 10000.000000
11.661000 8.304000 30.716000
10.916000 11.711000 29.191000
9.471000 11.458000 25.656000
10000.000000 10000.000000 10000.000000
10000.000000 10000.000000 10000.000000
10000.000000 10000.000000 10000.000000
10000.000000 10000.000000 10000.000000
10000.000000 10000.000000 10000.000000
10000.000000 10000.000000 10000.000000
10000.000000 10000.000000 10000.000000
10000.000000 10000.000000 10000.000000
10000.000000 10000.000000 10000.000000
10000.000000 10000.000000 10000.000000
10000.000000 10000.000000 10000.000000
10000.000000 10000.000000 10000.000000
10000.000000 10000.000000 10000.000000
10000.000000 10000.000000 10000.000000
10000.000000 10000.000000 10000.000000
10000.000000 10000.000000 10000.000000
10000.000000 10000.000000 10000.000000
10000.000000 10000.000000 10000.000000
10000.000000 10000.000000 10000.000000
10000.000000 10000.000000 10000.000000
10000.000000 10000.000000 10000.000000
10000.000000 10000.000000 10000.000000
10000.000000 10000.000000 10000.000000
10000.000000 10000.000000 10000.000000
10000.000000 10000.000000 10000.000000
10000.000000 10000.000000 10000.000000
10000.000000 10000.000000 10000.000000
10000.000000 10000.000000 10000.000000
10000.000000 10000.000000 10000.000000
10000.000000 10000.000000 10000.000000
10000.000000 10000.000000 10000.000000
10000.000000 10000.000000 10000.000000
