Score: 107.000000 0.000000 24.000000
1.679000 0.779000 -0.717000
2.108000 -2.121000 -3.206000
4.835000 -4.235000 -1.459000
5.749000 -7.873000 -0.589000
4.339000 -10.032000 2.308000
7.536000 -9.617000 4.456000
7.580000 -5.849000 3.838000
3.837000 -5.553000 4.728000
4.167000 -7.278000 8.160000
7.126000 -5.044000 9.199000
5.325000 -1.860000 7.961000
2.066000 -2.960000 9.761000
3.988000 -3.017000 13.059000
5.052000 0.667000 12.507000
1.341000 1.523000 11.826000
0.141000 0.116000 15.214000
3.005000 1.823000 17.171000
1.965000 5.071000 15.345000
-1.512000 4.438000 16.955000
0.208000 3.709000 20.345000
-0.472000 -0.065000 20.161000
1.963000 -3.055000 19.925000
2.975000 -5.687000 17.268000
5.373000 -8.616000 16.626000
5.867000 -11.219000 13.797000
5.060000 -14.667000 15.286000
4.920000 -16.942000 12.172000
6.952000 -16.480000 8.950000
6.067000 -17.906000 5.474000
6.759000 -16.725000 1.854000
8.324000 -13.200000 1.561000
6.906000 -12.093000 -1.848000
3.716000 -14.113000 -2.585000
2.854000 -15.265000 0.983000
-0.458000 -15.022000 2.869000
-0.652000 -12.765000 5.999000
-2.907000 -13.534000 9.009000
-2.879000 -10.896000 11.774000
-4.560000 -11.277000 15.212000
-5.800000 -8.055000 16.910000
-5.682000 -8.342000 20.692000
-8.314000 -6.213000 22.436000
-7.349000 -5.409000 26.080000
10000.000000 10000.000000 10000.000000
-11.123000 -5.843000 26.732000
-10.307000 -9.605000 26.730000
-11.263000 -10.378000 23.084000
-9.294000 -11.037000 19.858000
-9.790000 -10.738000 16.069000
-8.195000 -12.478000 13.039000
-7.446000 -10.967000 9.607000
-6.341000 -12.492000 6.276000
-5.647000 -11.583000 2.576000
-8.967000 -10.542000 0.884000
-10.245000 -11.985000 -2.516000
-8.142000 -9.620000 -4.685000
2.682000 -8.100000 -6.195000
1.573000 -5.450000 -8.820000
-1.363000 -4.055000 -6.726000
-2.086000 -3.346000 -3.028000
-3.983000 -6.520000 -2.019000
-6.327000 -5.373000 0.818000
-7.133000 -7.536000 3.886000
-10.355000 -8.900000 5.415000
-11.637000 -9.916000 8.879000
-11.400000 -13.747000 9.414000
-12.643000 -13.619000 13.072000
-13.954000 -10.792000 15.352000
-14.711000 -10.582000 19.123000
-13.471000 -14.168000 19.644000
-10.688000 -15.727000 21.868000
-7.071000 -16.904000 21.269000
-8.226000 -20.554000 20.950000
-10.478000 -19.533000 17.994000
-7.513000 -17.633000 16.431000
-5.076000 -20.597000 16.677000
-7.907000 -22.996000 15.602000
-8.207000 -21.198000 12.209000
-4.388000 -20.672000 11.908000
-4.368000 -24.493000 12.249000
-6.716000 -24.873000 9.210000
-4.925000 -22.259000 7.016000
-1.401000 -23.616000 7.853000
-2.556000 -27.154000 6.848000
-3.469000 -26.113000 3.279000
-0.897000 -23.261000 2.950000
1.836000 -22.822000 5.656000
3.210000 -19.796000 3.606000
0.988000 -17.551000 5.819000
2.605000 -15.193000 8.338000
1.129000 -14.422000 11.780000
1.535000 -10.999000 13.459000
0.134000 -10.321000 16.964000
-1.014000 -6.662000 17.101000
-2.252000 -5.445000 20.549000
-4.514000 -2.413000 19.930000
-8.083000 -1.015000 20.336000
-8.482000 0.211000 16.723000
-7.765000 -1.583000 13.387000
-8.778000 0.762000 10.495000
-5.828000 3.193000 10.876000
-3.178000 0.411000 11.146000
-4.711000 -2.204000 8.755000
-7.350000 -1.645000 6.005000
-10.063000 -4.344000 5.458000
10000.000000 10000.000000 10000.000000
10000.000000 10000.000000 10000.000000
10000.000000 10000.000000 10000.000000
10000.000000 10000.000000 10000.000000
