Score: 7.410000 2600.000000 -3.414973
10000.000000 10000.000000 10000.000000
10000.000000 10000.000000 10000.000000
10000.000000 10000.000000 10000.000000
10000.000000 10000.000000 10000.000000
10000.000000 10000.000000 10000.000000
10000.000000 10000.000000 10000.000000
10000.000000 10000.000000 10000.000000
10000.000000 10000.000000 10000.000000
10000.000000 10000.000000 10000.000000
10000.000000 10000.000000 10000.000000
10000.000000 10000.000000 10000.000000
10000.000000 10000.000000 10000.000000
10000.000000 10000.000000 10000.000000
10000.000000 10000.000000 10000.000000
10000.000000 10000.000000 10000.000000
10000.000000 10000.000000 10000.000000
10000.000000 10000.000000 10000.000000
10000.000000 10000.000000 10000.000000
10000.000000 10000.000000 10000.000000
10000.000000 10000.000000 10000.000000
10000.000000 10000.000000 10000.000000
10000.000000 10000.000000 10000.000000
10000.000000 10000.000000 10000.000000
10000.000000 10000.000000 10000.000000
10000.000000 10000.000000 10000.000000
10000.000000 10000.000000 10000.000000
10000.000000 10000.000000 10000.000000
10000.000000 10000.000000 10000.000000
10000.000000 10000.000000 10000.000000
10000.000000 10000.000000 10000.000000
10000.000000 10000.000000 10000.000000
-21.248000 -3.638000 -1.386000
-19.749000 -6.726000 0.230000
-20.827000 -7.196000 3.873000
-19.906000 -9.522000 6.743000
-21.590000 -9.938000 10.114000
-19.702000 -10.286000 13.408000
-21.435000 -11.776000 16.414000
-20.423000 -11.649000 20.020000
-22.445000 -14.568000 21.488000
-23.138000 -14.476000 25.256000
-24.877000 -17.239000 27.273000
-27.492000 -16.829000 30.071000
10000.000000 10000.000000 10000.000000
-24.541000 -17.469000 32.410000
-22.519000 -14.473000 31.091000
-19.938000 -16.448000 29.119000
-18.683000 -15.368000 25.720000
-18.639000 -17.989000 23.010000
-15.351000 -17.474000 21.121000
-13.526000 -19.471000 18.473000
-9.854000 -20.222000 17.749000
-9.595000 -20.305000 14.038000
-6.527000 -21.103000 11.916000
-5.622000 -18.116000 9.766000
-3.329000 -18.607000 6.812000
-1.670000 -15.233000 6.956000
-0.549000 -16.134000 10.508000
0.075000 -19.906000 9.927000
-1.508000 -20.048000 13.370000
-4.855000 -19.886000 15.132000
-6.222000 -16.717000 16.705000
-9.036000 -15.977000 19.186000
-12.040000 -14.449000 17.400000
-15.777000 -13.888000 17.824000
-18.205000 -15.525000 15.308000
-18.210000 -14.062000 11.809000
-25.082000 -13.957000 1.299000
-26.708000 -12.432000 -1.849000
-30.341000 -12.460000 -0.851000
-28.321000 -8.937000 8.205000
-30.471000 -10.526000 10.959000
-30.657000 -13.768000 8.972000
-26.956000 -13.968000 8.088000
-26.214000 -13.479000 11.830000
-28.375000 -16.426000 13.028000
-27.068000 -18.658000 10.235000
-23.449000 -17.943000 11.131000
-24.049000 -18.423000 14.857000
-25.700000 -21.783000 14.087000
-23.062000 -22.960000 11.561000
-19.897000 -21.832000 13.375000
-20.603000 -22.708000 17.033000
-23.971000 -24.514000 16.958000
-25.544000 -21.568000 18.768000
-28.963000 -19.876000 18.891000
-29.742000 -16.556000 20.605000
-32.741000 -15.314000 22.641000
-32.070000 -11.613000 21.840000
-30.023000 -9.627000 19.251000
-28.588000 -6.128000 19.839000
-27.137000 -4.434000 16.710000
10000.000000 10000.000000 10000.000000
10000.000000 10000.000000 10000.000000
10000.000000 10000.000000 10000.000000
10000.000000 10000.000000 10000.000000
10000.000000 10000.000000 10000.000000
10000.000000 10000.000000 10000.000000
10000.000000 10000.000000 10000.000000
10000.000000 10000.000000 10000.000000
10000.000000 10000.000000 10000.000000
10000.000000 10000.000000 10000.000000
10000.000000 10000.000000 10000.000000
10000.000000 10000.000000 10000.000000
10000.000000 10000.000000 10000.000000
10000.000000 10000.000000 10000.000000
10000.000000 10000.000000 10000.000000
10000.000000 10000.000000 10000.000000
10000.000000 10000.000000 10000.000000
