Score: 6.260000 4200.000000 -3.623249
10000.000000 10000.000000 10000.000000
10000.000000 10000.000000 10000.000000
10000.000000 10000.000000 10000.000000
10000.000000 10000.000000 10000.000000
10000.000000 10000.000000 10000.000000
10000.000000 10000.000000 10000.000000
10000.000000 10000.000000 10000.000000
10.140000 57.658000 10.438000
13.319000 57.276000 8.335000
11.438000 55.597000 5.516000
8.572000 58.049000 5.379000
10.762000 61.107000 5.868000
13.227000 60.038000 3.145000
10.293000 59.308000 0.770000
8.672000 62.729000 1.294000
12.038000 64.439000 0.781000
12.631000 62.416000 -2.417000
9.146000 63.239000 -3.745000
9.866000 66.947000 -3.243000
12.878000 66.339000 -5.460000
15.440000 66.952000 -2.698000
18.985000 65.517000 -2.800000
18.993000 63.300000 0.308000
21.671000 61.429000 2.217000
21.210000 58.974000 5.106000
23.616000 57.630000 7.754000
22.845000 54.678000 10.032000
25.017000 53.150000 12.738000
25.098000 49.383000 11.999000
10000.000000 10000.000000 10000.000000
10000.000000 10000.000000 10000.000000
10000.000000 10000.000000 10000.000000
10000.000000 10000.000000 10000.000000
41.897000 42.559000 4.546000
41.818000 45.334000 1.958000
41.461000 48.817000 3.465000
39.059000 49.921000 0.700000
36.914000 48.289000 -1.967000
34.667000 49.931000 -4.543000
10000.000000 10000.000000 10000.000000
32.342000 48.509000 -7.161000
30.910000 50.955000 -9.686000
28.240000 50.736000 -12.351000
10000.000000 10000.000000 10000.000000
25.375000 52.754000 -13.831000
25.975000 55.872000 -11.709000
25.978000 53.824000 -8.510000
29.254000 53.647000 -6.544000
29.425000 51.078000 -3.764000
32.206000 51.571000 -1.204000
10000.000000 10000.000000 10000.000000
10000.000000 10000.000000 10000.000000
10000.000000 10000.000000 10000.000000
10000.000000 10000.000000 10000.000000
10000.000000 10000.000000 10000.000000
10000.000000 10000.000000 10000.000000
10000.000000 10000.000000 10000.000000
10000.000000 10000.000000 10000.000000
10000.000000 10000.000000 10000.000000
10000.000000 10000.000000 10000.000000
10000.000000 10000.000000 10000.000000
10000.000000 10000.000000 10000.000000
10000.000000 10000.000000 10000.000000
10000.000000 10000.000000 10000.000000
10000.000000 10000.000000 10000.000000
33.499000 49.609000 1.797000
36.079000 51.605000 3.755000
10000.000000 10000.000000 10000.000000
37.900000 50.477000 6.896000
39.246000 52.711000 9.664000
39.913000 52.073000 13.356000
36.898000 54.317000 14.063000
34.349000 56.226000 11.953000
32.882000 59.381000 13.488000
29.672000 60.904000 12.089000
31.702000 63.923000 10.978000
33.952000 61.655000 8.904000
30.874000 60.467000 7.019000
29.352000 63.948000 6.640000
32.674000 65.136000 5.176000
32.261000 62.568000 2.392000
28.724000 63.926000 1.773000
29.797000 67.562000 1.582000
30.774000 67.375000 -2.131000
27.360000 65.943000 -3.095000
25.258000 69.135000 -2.708000
22.714000 67.443000 -0.431000
19.600000 69.321000 0.717000
19.006000 67.026000 3.687000
20.943000 64.391000 5.603000
19.024000 62.134000 7.963000
21.155000 60.514000 10.616000
19.941000 57.540000 12.628000
21.791000 57.317000 15.951000
24.964000 59.145000 17.105000
22.823000 60.496000 19.965000
10000.000000 10000.000000 10000.000000
10000.000000 10000.000000 10000.000000
10000.000000 10000.000000 10000.000000
10000.000000 10000.000000 10000.000000
10000.000000 10000.000000 10000.000000
10000.000000 10000.000000 10000.000000
10000.000000 10000.000000 10000.000000
10000.000000 10000.000000 10000.000000
10000.000000 10000.000000 10000.000000
10000.000000 10000.000000 10000.000000
10000.000000 10000.000000 10000.000000
10000.000000 10000.000000 10000.000000
10000.000000 10000.000000 10000.000000
