Score: 21.500000 115.000000 -2.060698
10000.000000 10000.000000 10000.000000
10000.000000 10000.000000 10000.000000
25.773000 6.463000 31.666000
22.351000 4.957000 30.893000
23.773000 3.339000 27.783000
26.838000 1.965000 29.572000
24.755000 0.424000 32.352000
22.326000 -1.078000 29.772000
25.250000 -2.636000 27.883000
26.725000 -4.013000 31.115000
23.363000 -5.674000 31.911000
23.228000 -7.127000 28.434000
26.759000 -8.551000 28.277000
25.386000 -12.032000 27.838000
22.880000 -11.301000 25.087000
25.179000 -8.892000 23.221000
27.941000 -11.532000 23.508000
30.583000 -9.359000 25.217000
33.699000 -10.469000 27.110000
34.467000 -6.899000 28.187000
10000.000000 10000.000000 10000.000000
10000.000000 10000.000000 10000.000000
10000.000000 10000.000000 10000.000000
10000.000000 10000.000000 10000.000000
33.158000 -3.322000 28.145000
35.524000 -0.434000 27.356000
34.323000 3.113000 26.854000
36.116000 5.074000 24.103000
35.618000 8.448000 22.442000
37.505000 11.387000 21.020000
33.887000 8.632000 28.314000
35.822000 9.902000 31.316000
32.826000 11.755000 32.886000
30.600000 8.669000 32.519000
33.221000 6.583000 34.332000
33.501000 9.099000 37.210000
29.692000 9.245000 37.455000
29.535000 5.409000 37.564000
32.095000 5.428000 40.361000
29.993000 7.947000 42.360000
26.885000 5.781000 41.983000
28.491000 2.471000 42.970000
28.492000 1.057000 39.448000
32.197000 1.203000 38.447000
32.174000 -2.570000 37.818000
30.205000 -1.911000 34.617000
33.404000 -0.443000 33.001000
36.489000 -2.624000 32.333000
38.689000 0.183000 30.888000
38.601000 3.666000 29.274000
40.305000 4.846000 26.054000
40.205000 8.645000 26.009000
41.234000 10.126000 22.635000
42.287000 13.824000 22.297000
40.095000 14.701000 25.274000
38.357000 18.064000 25.572000
38.269000 18.400000 29.342000
39.525000 21.760000 30.754000
36.846000 24.174000 29.569000
39.570000 26.811000 29.732000
39.354000 28.111000 26.147000
38.199000 31.579000 27.251000
40.942000 32.003000 29.877000
48.776000 34.509000 30.490000
46.716000 31.831000 32.212000
46.746000 29.763000 28.991000
50.493000 30.292000 28.543000
51.420000 29.188000 32.072000
48.909000 26.428000 32.829000
48.239000 24.793000 29.406000
50.753000 26.183000 26.883000
10000.000000 10000.000000 10000.000000
10000.000000 10000.000000 10000.000000
10000.000000 10000.000000 10000.000000
10000.000000 10000.000000 10000.000000
10000.000000 10000.000000 10000.000000
10000.000000 10000.000000 10000.000000
10000.000000 10000.000000 10000.000000
10000.000000 10000.000000 10000.000000
10000.000000 10000.000000 10000.000000
10000.000000 10000.000000 10000.000000
10000.000000 10000.000000 10000.000000
10000.000000 10000.000000 10000.000000
10000.000000 10000.000000 10000.000000
10000.000000 10000.000000 10000.000000
10000.000000 10000.000000 10000.000000
10000.000000 10000.000000 10000.000000
10000.000000 10000.000000 10000.000000
10000.000000 10000.000000 10000.000000
10000.000000 10000.000000 10000.000000
10000.000000 10000.000000 10000.000000
10000.000000 10000.000000 10000.000000
10000.000000 10000.000000 10000.000000
10000.000000 10000.000000 10000.000000
10000.000000 10000.000000 10000.000000
10000.000000 10000.000000 10000.000000
10000.000000 10000.000000 10000.000000
10000.000000 10000.000000 10000.000000
10000.000000 10000.000000 10000.000000
10000.000000 10000.000000 10000.000000
10000.000000 10000.000000 10000.000000
10000.000000 10000.000000 10000.000000
10000.000000 10000.000000 10000.000000
10000.000000 10000.000000 10000.000000
10000.000000 10000.000000 10000.000000
10000.000000 10000.000000 10000.000000
10000.000000 10000.000000 10000.000000
10000.000000 10000.000000 10000.000000
10000.000000 10000.000000 10000.000000
