Score: 10.660000 610.000000 -2.785330
10000.000000 10000.000000 10000.000000
10000.000000 10000.000000 10000.000000
10000.000000 10000.000000 10000.000000
10000.000000 10000.000000 10000.000000
10000.000000 10000.000000 10000.000000
10000.000000 10000.000000 10000.000000
10000.000000 10000.000000 10000.000000
10000.000000 10000.000000 10000.000000
10000.000000 10000.000000 10000.000000
10000.000000 10000.000000 10000.000000
10000.000000 10000.000000 10000.000000
10000.000000 10000.000000 10000.000000
10000.000000 10000.000000 10000.000000
10000.000000 10000.000000 10000.000000
10000.000000 10000.000000 10000.000000
10000.000000 10000.000000 10000.000000
10000.000000 10000.000000 10000.000000
10000.000000 10000.000000 10000.000000
10000.000000 10000.000000 10000.000000
23.149000 67.330000 -27.670000
21.941000 70.825000 -26.828000
25.561000 71.896000 -26.501000
27.917000 72.660000 -29.347000
31.027000 70.559000 -29.984000
34.515000 71.285000 -28.669000
37.526000 71.250000 -30.986000
39.625000 68.673000 -29.161000
42.400000 71.037000 -30.123000
40.970000 73.277000 -27.406000
41.373000 70.425000 -24.927000
44.889000 69.063000 -25.418000
47.351000 69.191000 -22.525000
50.613000 67.321000 -23.284000
51.324000 66.412000 -19.634000
47.749000 65.215000 -19.099000
47.740000 61.977000 -17.119000
45.430000 60.876000 -19.888000
43.111000 62.617000 -22.312000
40.509000 60.250000 -23.709000
37.545000 60.343000 -26.058000
34.805000 57.845000 -25.216000
33.276000 55.842000 -28.072000
10000.000000 10000.000000 10000.000000
29.775000 55.733000 -26.622000
29.975000 51.946000 -26.472000
32.068000 51.382000 -23.338000
35.485000 52.080000 -24.819000
37.913000 54.933000 -25.431000
40.576000 56.107000 -27.850000
43.396000 58.549000 -27.074000
42.297000 62.133000 -27.791000
43.502000 63.919000 -30.928000
43.424000 67.477000 -32.264000
41.011000 66.924000 -35.175000
38.638000 64.856000 -33.028000
35.132000 66.161000 -32.347000
33.903000 66.286000 -28.746000
30.233000 66.177000 -27.810000
27.564000 64.493000 -25.689000
27.680000 61.297000 -27.744000
31.464000 61.253000 -27.780000
32.505000 62.931000 -24.508000
36.092000 63.519000 -23.530000
37.730000 62.733000 -20.190000
40.734000 64.878000 -19.346000
42.510000 63.728000 -16.197000
44.968000 66.201000 -14.703000
47.656000 66.424000 -12.079000
10000.000000 10000.000000 10000.000000
46.913000 70.065000 -11.234000
50.569000 70.422000 -10.255000
52.026000 69.959000 -13.758000
52.825000 73.235000 -15.639000
50.711000 72.769000 -18.763000
47.786000 71.424000 -16.751000
47.861000 74.345000 -14.294000
48.255000 76.950000 -17.060000
45.426000 75.292000 -18.963000
43.201000 75.133000 -15.880000
43.972000 78.814000 -15.395000
43.525000 80.024000 -18.965000
41.086000 77.753000 -20.834000
37.681000 79.353000 -21.596000
36.058000 75.923000 -21.274000
35.927000 76.403000 -17.513000
33.986000 79.100000 -15.655000
36.245000 81.340000 -13.593000
10000.000000 10000.000000 10000.000000
10000.000000 10000.000000 10000.000000
10000.000000 10000.000000 10000.000000
10000.000000 10000.000000 10000.000000
10000.000000 10000.000000 10000.000000
10000.000000 10000.000000 10000.000000
10000.000000 10000.000000 10000.000000
10000.000000 10000.000000 10000.000000
10000.000000 10000.000000 10000.000000
10000.000000 10000.000000 10000.000000
10000.000000 10000.000000 10000.000000
10000.000000 10000.000000 10000.000000
10000.000000 10000.000000 10000.000000
10000.000000 10000.000000 10000.000000
10000.000000 10000.000000 10000.000000
10000.000000 10000.000000 10000.000000
10000.000000 10000.000000 10000.000000
10000.000000 10000.000000 10000.000000
10000.000000 10000.000000 10000.000000
10000.000000 10000.000000 10000.000000
10000.000000 10000.000000 10000.000000
10000.000000 10000.000000 10000.000000
