Score: 6.750000 3400.000000 -3.531479
10000.000000 10000.000000 10000.000000
10000.000000 10000.000000 10000.000000
10000.000000 10000.000000 10000.000000
10000.000000 10000.000000 10000.000000
78.660000 21.903000 -43.729000
77.711000 20.642000 -40.216000
76.055000 17.571000 -41.814000
79.455000 16.622000 -43.271000
81.316000 17.027000 -39.934000
78.638000 14.757000 -38.370000
79.342000 12.344000 -41.235000
83.147000 12.374000 -40.827000
82.654000 11.644000 -37.089000
80.277000 8.681000 -37.775000
82.878000 7.128000 -40.117000
85.666000 7.812000 -37.575000
83.819000 5.992000 -34.795000
83.303000 2.936000 -37.061000
86.957000 2.420000 -38.018000
88.498000 3.941000 -34.824000
90.138000 6.788000 -36.819000
91.667000 9.682000 -34.785000
90.880000 13.191000 -36.174000
92.803000 16.432000 -35.567000
90.611000 19.503000 -36.137000
92.049000 22.791000 -37.415000
90.160000 25.990000 -38.413000
92.578000 28.436000 -40.016000
95.592000 26.358000 -38.862000
98.615000 16.750000 -35.420000
99.758000 16.029000 -31.819000
100.501000 12.493000 -32.864000
101.789000 10.930000 -36.093000
99.199000 9.533000 -38.487000
96.052000 11.343000 -37.322000
93.614000 12.543000 -40.006000
93.246000 16.312000 -40.294000
89.676000 17.612000 -40.386000
90.492000 20.874000 -42.195000
10000.000000 10000.000000 10000.000000
87.640000 23.347000 -41.805000
89.129000 26.265000 -43.748000
86.464000 25.949000 -46.465000
83.698000 26.640000 -43.853000
84.271000 30.392000 -44.244000
80.799000 31.897000 -43.829000
10000.000000 10000.000000 10000.000000
10000.000000 10000.000000 10000.000000
80.177000 35.047000 -41.719000
76.703000 34.260000 -40.393000
10000.000000 10000.000000 10000.000000
10000.000000 10000.000000 10000.000000
10000.000000 10000.000000 10000.000000
10000.000000 10000.000000 10000.000000
10000.000000 10000.000000 10000.000000
75.859000 37.588000 -38.710000
77.511000 40.808000 -37.547000
75.012000 42.866000 -35.559000
76.162000 46.543000 -35.525000
73.725000 47.661000 -32.763000
74.237000 44.807000 -30.280000
77.914000 44.545000 -31.297000
78.487000 40.848000 -31.794000
79.567000 38.380000 -34.495000
78.656000 34.745000 -35.284000
81.159000 33.020000 -37.583000
82.205000 29.659000 -39.054000
85.715000 28.119000 -38.405000
87.311000 29.104000 -41.687000
86.630000 32.826000 -41.315000
89.833000 34.876000 -41.146000
90.290000 38.195000 -39.343000
91.225000 39.716000 -42.722000
87.938000 38.456000 -44.192000
86.153000 40.146000 -41.261000
88.096000 43.401000 -41.656000
87.050000 43.558000 -45.334000
83.371000 42.980000 -44.486000
83.535000 45.722000 -41.812000
85.191000 48.172000 -44.254000
82.858000 47.420000 -47.158000
79.661000 47.705000 -45.112000
79.981000 48.948000 -39.696000
80.936000 50.871000 -36.506000
82.643000 47.858000 -34.896000
86.294000 47.138000 -34.076000
88.096000 43.781000 -34.059000
90.525000 42.254000 -31.600000
93.113000 39.838000 -32.888000
96.334000 37.986000 -32.460000
10000.000000 10000.000000 10000.000000
10000.000000 10000.000000 10000.000000
10000.000000 10000.000000 10000.000000
10000.000000 10000.000000 10000.000000
10000.000000 10000.000000 10000.000000
10000.000000 10000.000000 10000.000000
10000.000000 10000.000000 10000.000000
10000.000000 10000.000000 10000.000000
10000.000000 10000.000000 10000.000000
10000.000000 10000.000000 10000.000000
10000.000000 10000.000000 10000.000000
10000.000000 10000.000000 10000.000000
10000.000000 10000.000000 10000.000000
10000.000000 10000.000000 10000.000000
10000.000000 10000.000000 10000.000000
10000.000000 10000.000000 10000.000000
10000.000000 10000.000000 10000.000000
10000.000000 10000.000000 10000.000000
10000.000000 10000.000000 10000.000000
