Score: 319.110000 0.000000 100.000000
53.285000 -4.710000 27.298000
53.313000 -5.979000 30.846000
50.064000 -8.097000 30.369000
50.526000 -11.779000 29.304000
50.156000 -11.995000 25.496000
47.601000 -14.863000 25.648000
45.231000 -12.826000 27.936000
45.805000 -9.643000 25.832000
45.004000 -11.544000 22.568000
41.870000 -13.137000 24.140000
40.678000 -9.594000 25.153000
41.356000 -8.170000 21.625000
39.484000 -11.028000 19.892000
36.623000 -10.680000 22.411000
36.262000 -6.872000 21.781000
36.392000 -7.421000 17.967000
33.779000 -10.221000 17.912000
31.374000 -8.303000 20.264000
31.656000 -5.458000 17.687000
30.647000 -7.883000 14.912000
34.111000 -8.515000 13.403000
35.419000 -11.943000 12.418000
38.586000 -12.316000 14.554000
41.002000 -15.263000 14.659000
44.523000 -16.257000 15.703000
46.386000 -16.998000 12.428000
49.601000 -17.816000 14.408000
49.900000 -18.658000 18.117000
53.243000 -17.549000 19.582000
54.749000 -17.483000 23.069000
51.890000 -17.447000 25.679000
53.556000 -15.056000 28.191000
55.530000 -12.480000 26.157000
55.308000 -13.192000 22.424000
55.110000 -10.101000 20.204000
51.884000 -9.618000 18.215000
51.042000 -8.571000 14.673000
47.437000 -7.375000 14.102000
46.082000 -7.474000 10.523000
42.824000 -5.382000 10.192000
41.025000 -6.241000 6.896000
38.478000 -3.680000 5.632000
35.876000 -5.997000 4.084000
34.094000 -3.158000 2.191000
37.033000 -0.877000 1.134000
39.191000 -3.664000 -0.379000
42.142000 -2.690000 1.896000
43.974000 -4.037000 4.968000
46.426000 -2.597000 7.490000
48.946000 -4.463000 9.634000
50.067000 -3.183000 13.053000
53.203000 -3.987000 15.069000
54.351000 -2.951000 18.534000
56.577000 0.051000 19.145000
57.450000 2.360000 22.125000
10000.000000 10000.000000 10000.000000
10000.000000 10000.000000 10000.000000
10000.000000 10000.000000 10000.000000
10000.000000 10000.000000 10000.000000
54.467000 2.999000 26.833000
53.230000 0.613000 24.098000
52.046000 2.083000 20.725000
51.173000 0.507000 17.356000
52.780000 1.419000 13.999000
52.450000 0.055000 10.420000
55.795000 -1.552000 9.415000
54.653000 -2.171000 5.789000
53.838000 0.782000 3.521000
50.942000 -1.123000 1.953000
47.150000 -1.585000 2.065000
47.428000 -4.713000 -0.184000
46.505000 -7.698000 2.019000
48.931000 -10.278000 0.333000
51.882000 -7.844000 1.083000
50.879000 -7.878000 4.767000
50.511000 -11.697000 4.865000
53.983000 -11.947000 3.215000
55.409000 -9.607000 5.900000
53.804000 -11.691000 8.710000
55.585000 -14.788000 7.229000
58.907000 -12.931000 7.311000
58.312000 -11.628000 10.888000
57.596000 -15.233000 12.071000
60.877000 -16.507000 10.483000
62.801000 -13.687000 12.337000
60.749000 -14.192000 15.562000
59.333000 -17.741000 16.018000
57.516000 -16.517000 19.213000
55.307000 -14.007000 17.345000
51.484000 -14.068000 17.232000
49.441000 -13.028000 14.243000
45.830000 -11.940000 14.872000
43.534000 -11.323000 11.895000
40.445000 -9.103000 12.206000
37.934000 -8.845000 9.305000
35.649000 -5.902000 9.948000
32.926000 -4.001000 8.059000
34.850000 -0.719000 8.806000
38.380000 -2.212000 8.918000
38.557000 -1.510000 12.709000
41.609000 -2.843000 14.524000
39.917000 -2.649000 18.062000
43.381000 -1.749000 19.530000
43.179000 0.118000 22.903000
46.792000 1.375000 23.073000
47.781000 4.457000 20.936000
47.938000 3.724000 17.169000
50.143000 5.995000 14.984000
48.162000 8.182000 12.519000
