Score: 22.600000 60.000000 -1.778151
10000.000000 10000.000000 10000.000000
10000.000000 10000.000000 10000.000000
10000.000000 10000.000000 10000.000000
10000.000000 10000.000000 10000.000000
10000.000000 10000.000000 10000.000000
10000.000000 10000.000000 10000.000000
10000.000000 10000.000000 10000.000000
10000.000000 10000.000000 10000.000000
51.645000 74.186000 31.486000
52.163000 76.004000 34.757000
49.580000 73.933000 36.690000
51.612000 70.810000 35.869000
54.934000 72.538000 36.680000
53.550000 73.543000 40.103000
52.444000 70.005000 40.750000
55.847000 68.587000 39.790000
57.458000 71.130000 42.111000
10000.000000 10000.000000 10000.000000
10000.000000 10000.000000 10000.000000
10000.000000 10000.000000 10000.000000
55.287000 70.201000 45.088000
55.579000 66.448000 44.350000
59.346000 66.448000 43.835000
59.786000 68.517000 47.045000
57.741000 66.025000 49.108000
59.375000 62.853000 47.665000
62.848000 64.377000 48.247000
62.125000 65.516000 51.833000
60.382000 62.281000 52.849000
56.963000 63.879000 53.305000
57.051000 54.258000 50.055000
54.470000 51.679000 51.194000
56.514000 50.620000 54.180000
57.378000 54.219000 55.210000
60.880000 54.516000 53.650000
62.128000 57.589000 51.796000
62.083000 57.125000 48.054000
65.773000 57.578000 47.084000
65.679000 55.573000 43.779000
63.790000 56.312000 40.511000
63.085000 53.881000 37.682000
62.011000 56.071000 34.779000
60.351000 53.838000 32.157000
60.192000 55.279000 28.644000
61.639000 54.842000 25.163000
62.722000 57.239000 22.401000
61.548000 60.781000 23.104000
60.360000 59.645000 26.552000
64.028000 59.260000 27.698000
66.802000 60.316000 25.243000
10000.000000 10000.000000 10000.000000
10000.000000 10000.000000 10000.000000
10000.000000 10000.000000 10000.000000
10000.000000 10000.000000 10000.000000
10000.000000 10000.000000 10000.000000
10000.000000 10000.000000 10000.000000
10000.000000 10000.000000 10000.000000
10000.000000 10000.000000 10000.000000
10000.000000 10000.000000 10000.000000
66.546000 64.008000 25.954000
66.141000 63.421000 29.684000
69.108000 61.084000 29.863000
71.201000 63.701000 27.926000
70.292000 66.394000 30.498000
70.653000 64.022000 33.458000
74.235000 63.137000 32.616000
75.021000 66.743000 31.654000
74.173000 67.909000 35.156000
75.478000 64.905000 37.183000
78.956000 66.364000 37.904000
77.761000 69.986000 38.241000
78.718000 71.277000 41.674000
75.304000 72.363000 42.857000
73.285000 69.678000 41.011000
75.526000 66.916000 42.422000
74.916000 68.084000 45.997000
71.182000 68.128000 45.411000
71.310000 64.625000 43.872000
73.425000 63.253000 46.728000
72.210000 59.847000 47.868000
69.815000 59.637000 44.919000
69.762000 57.349000 41.872000
67.867000 57.097000 38.611000
67.791000 54.225000 36.170000
66.346000 54.603000 32.701000
64.765000 43.538000 26.145000
64.164000 42.049000 29.596000
67.095000 46.228000 30.594000
64.429000 45.429000 33.244000
67.112000 43.518000 35.188000
69.566000 46.396000 34.860000
66.977000 48.969000 36.017000
66.184000 46.880000 39.091000
10000.000000 10000.000000 10000.000000
10000.000000 10000.000000 10000.000000
10000.000000 10000.000000 10000.000000
10000.000000 10000.000000 10000.000000
10000.000000 10000.000000 10000.000000
10000.000000 10000.000000 10000.000000
10000.000000 10000.000000 10000.000000
10000.000000 10000.000000 10000.000000
10000.000000 10000.000000 10000.000000
10000.000000 10000.000000 10000.000000
10000.000000 10000.000000 10000.000000
10000.000000 10000.000000 10000.000000
10000.000000 10000.000000 10000.000000
10000.000000 10000.000000 10000.000000
10000.000000 10000.000000 10000.000000
10000.000000 10000.000000 10000.000000
