Score: 10.960000 540.000000 -2.732394
10000.000000 10000.000000 10000.000000
10000.000000 10000.000000 10000.000000
10000.000000 10000.000000 10000.000000
10000.000000 10000.000000 10000.000000
10000.000000 10000.000000 10000.000000
10000.000000 10000.000000 10000.000000
10000.000000 10000.000000 10000.000000
10000.000000 10000.000000 10000.000000
10000.000000 10000.000000 10000.000000
10000.000000 10000.000000 10000.000000
10000.000000 10000.000000 10000.000000
14.521000 -24.019000 42.466000
13.781000 -26.630000 39.818000
17.521000 -26.815000 39.036000
18.296000 -26.995000 42.795000
15.757000 -29.839000 43.074000
17.007000 -31.652000 39.969000
20.764000 -31.223000 40.455000
21.182000 -31.188000 44.241000
17.991000 -32.590000 45.818000
17.457000 -29.165000 47.464000
13.892000 -28.708000 48.732000
11.460000 -25.984000 47.679000
7.718000 -25.549000 47.980000
5.056000 -23.914000 45.820000
1.814000 -22.819000 47.452000
-1.219000 -21.789000 45.425000
-12.946000 -18.623000 46.125000
-14.793000 -15.792000 47.918000
-15.094000 -12.451000 46.133000
-16.065000 -10.599000 49.352000
-12.703000 -11.251000 50.995000
-10.612000 -11.797000 47.889000
-8.834000 -8.477000 47.814000
-8.171000 -8.166000 51.525000
-6.977000 -11.756000 51.885000
-4.666000 -11.239000 48.917000
-3.255000 -8.021000 50.353000
-2.568000 -9.835000 53.640000
10000.000000 10000.000000 10000.000000
-0.808000 -12.611000 51.701000
1.293000 -10.013000 49.845000
2.296000 -8.312000 53.109000
3.425000 -11.689000 54.470000
6.351000 -11.911000 51.998000
9.642000 -12.767000 53.694000
13.239000 -13.443000 52.769000
13.746000 -15.216000 49.440000
10.113000 -16.012000 48.805000
8.564000 -14.737000 45.623000
4.887000 -14.277000 44.737000
2.750000 -14.046000 41.618000
-0.786000 -12.676000 41.474000
-2.977000 -14.516000 38.979000
-6.614000 -15.126000 37.906000
-7.370000 -18.801000 37.158000
-9.623000 -20.072000 34.350000
-12.800000 -19.515000 36.464000
-11.758000 -15.906000 36.991000
-10.767000 -16.337000 40.628000
-7.721000 -14.709000 42.205000
-4.834000 -17.078000 42.787000
-1.719000 -16.170000 44.724000
1.179000 -18.403000 43.768000
3.930000 -18.435000 46.433000
7.395000 -19.968000 45.933000
9.452000 -20.926000 48.966000
13.045000 -21.490000 47.762000
15.435000 -23.741000 49.728000
12.725000 -24.707000 52.180000
12.089000 -28.109000 53.695000
8.715000 -29.769000 54.464000
8.993000 -28.525000 58.042000
9.597000 -24.912000 57.256000
6.784000 -24.988000 54.692000
4.651000 -26.061000 57.608000
6.178000 -23.331000 59.785000
5.259000 -20.797000 57.067000
1.612000 -21.815000 57.363000
1.743000 -21.663000 61.171000
3.005000 -18.046000 60.894000
0.424000 -17.215000 58.205000
10000.000000 10000.000000 10000.000000
10000.000000 10000.000000 10000.000000
10000.000000 10000.000000 10000.000000
10000.000000 10000.000000 10000.000000
10000.000000 10000.000000 10000.000000
10000.000000 10000.000000 10000.000000
10000.000000 10000.000000 10000.000000
10000.000000 10000.000000 10000.000000
10000.000000 10000.000000 10000.000000
10000.000000 10000.000000 10000.000000
10000.000000 10000.000000 10000.000000
10000.000000 10000.000000 10000.000000
10000.000000 10000.000000 10000.000000
10000.000000 10000.000000 10000.000000
10000.000000 10000.000000 10000.000000
10000.000000 10000.000000 10000.000000
10000.000000 10000.000000 10000.000000
10000.000000 10000.000000 10000.000000
10000.000000 10000.000000 10000.000000
10000.000000 10000.000000 10000.000000
10000.000000 10000.000000 10000.000000
10000.000000 10000.000000 10000.000000
10000.000000 10000.000000 10000.000000
10000.000000 10000.000000 10000.000000
10000.000000 10000.000000 10000.000000
10000.000000 10000.000000 10000.000000
10000.000000 10000.000000 10000.000000
