Score: 9.090000 1200.000000 -3.079181
10000.000000 10000.000000 10000.000000
10000.000000 10000.000000 10000.000000
10000.000000 10000.000000 10000.000000
10000.000000 10000.000000 10000.000000
10000.000000 10000.000000 10000.000000
10000.000000 10000.000000 10000.000000
10000.000000 10000.000000 10000.000000
40.023000 29.668000 35.467000
36.375000 30.302000 34.598000
34.812000 26.866000 34.210000
36.389000 24.993000 37.140000
35.566000 21.651000 35.559000
39.002000 19.993000 36.063000
38.183000 19.117000 39.643000
35.002000 17.253000 38.563000
36.977000 14.443000 36.689000
37.567000 11.094000 38.542000
41.143000 10.752000 39.811000
43.035000 7.532000 39.188000
43.249000 5.407000 42.374000
41.637000 8.209000 44.396000
37.882000 8.794000 43.612000
34.954000 8.494000 41.240000
34.659000 5.660000 38.716000
38.434000 5.141000 38.302000
39.417000 4.794000 41.994000
40.011000 1.128000 41.342000
40.557000 1.056000 37.527000
50.213000 2.119000 39.708000
52.889000 4.767000 39.439000
53.294000 6.824000 37.435000
49.523000 6.877000 36.643000
47.825000 6.701000 40.045000
47.024000 10.257000 41.439000
47.975000 11.680000 38.056000
45.518000 10.491000 35.364000
42.009000 12.043000 35.770000
39.387000 10.847000 33.231000
35.697000 10.592000 32.708000
34.804000 6.946000 31.922000
10000.000000 10000.000000 10000.000000
32.242000 5.548000 29.542000
31.077000 1.930000 29.463000
28.295000 -0.022000 27.708000
28.192000 -3.624000 26.539000
31.115000 -3.683000 24.129000
32.392000 -0.199000 24.925000
35.215000 0.996000 27.279000
36.175000 4.620000 27.023000
38.222000 7.288000 28.959000
38.551000 10.937000 28.267000
40.666000 13.215000 30.420000
44.085000 14.577000 31.254000
47.376000 13.699000 32.824000
50.816000 15.138000 33.533000
53.709000 13.538000 31.623000
57.334000 12.858000 32.839000
58.282000 16.428000 31.898000
55.451000 17.973000 33.897000
53.488000 19.003000 30.728000
49.713000 18.459000 30.513000
48.387000 15.862000 28.080000
44.695000 15.663000 27.059000
43.489000 12.338000 25.638000
40.540000 10.452000 24.371000
40.289000 6.691000 24.259000
37.212000 5.062000 22.600000
10000.000000 10000.000000 10000.000000
10000.000000 10000.000000 10000.000000
10000.000000 10000.000000 10000.000000
10000.000000 10000.000000 10000.000000
10000.000000 10000.000000 10000.000000
10000.000000 10000.000000 10000.000000
10000.000000 10000.000000 10000.000000
10000.000000 10000.000000 10000.000000
10000.000000 10000.000000 10000.000000
10000.000000 10000.000000 10000.000000
10000.000000 10000.000000 10000.000000
10000.000000 10000.000000 10000.000000
10000.000000 10000.000000 10000.000000
10000.000000 10000.000000 10000.000000
10000.000000 10000.000000 10000.000000
10000.000000 10000.000000 10000.000000
10000.000000 10000.000000 10000.000000
10000.000000 10000.000000 10000.000000
10000.000000 10000.000000 10000.000000
10000.000000 10000.000000 10000.000000
10000.000000 10000.000000 10000.000000
10000.000000 10000.000000 10000.000000
10000.000000 10000.000000 10000.000000
10000.000000 10000.000000 10000.000000
10000.000000 10000.000000 10000.000000
10000.000000 10000.000000 10000.000000
10000.000000 10000.000000 10000.000000
10000.000000 10000.000000 10000.000000
10000.000000 10000.000000 10000.000000
10000.000000 10000.000000 10000.000000
10000.000000 10000.000000 10000.000000
10000.000000 10000.000000 10000.000000
10000.000000 10000.000000 10000.000000
10000.000000 10000.000000 10000.000000
10000.000000 10000.000000 10000.000000
10000.000000 10000.000000 10000.000000
10000.000000 10000.000000 10000.000000
10000.000000 10000.000000 10000.000000
10000.000000 10000.000000 10000.000000
10000.000000 10000.000000 10000.000000
10000.000000 10000.000000 10000.000000
10000.000000 10000.000000 10000.000000
