Score: 21.500000 135.000000 -2.130334
10000.000000 10000.000000 10000.000000
10000.000000 10000.000000 10000.000000
10000.000000 10000.000000 10000.000000
10000.000000 10000.000000 10000.000000
10000.000000 10000.000000 10000.000000
10000.000000 10000.000000 10000.000000
10000.000000 10000.000000 10000.000000
10000.000000 10000.000000 10000.000000
10000.000000 10000.000000 10000.000000
10000.000000 10000.000000 10000.000000
10000.000000 10000.000000 10000.000000
10000.000000 10000.000000 10000.000000
10000.000000 10000.000000 10000.000000
10000.000000 10000.000000 10000.000000
10000.000000 10000.000000 10000.000000
10000.000000 10000.000000 10000.000000
39.520000 13.409000 2.418000
38.859000 17.064000 3.248000
41.756000 18.062000 0.939000
40.135000 16.222000 -2.020000
43.086000 13.846000 -2.462000
42.423000 10.097000 -3.017000
42.223000 7.641000 -0.165000
44.766000 4.826000 -0.259000
43.086000 1.850000 1.415000
45.389000 -0.845000 2.853000
44.802000 -4.243000 1.312000
46.106000 -7.776000 1.696000
45.700000 -10.598000 -0.784000
47.080000 -13.572000 -2.621000
42.305000 -15.677000 -9.365000
38.547000 -16.182000 -9.152000
38.508000 -16.951000 -5.409000
41.784000 -15.951000 -3.691000
41.690000 -12.196000 -4.253000
42.222000 -9.277000 -1.883000
40.608000 -7.920000 1.263000
40.367000 -4.335000 2.490000
41.991000 -3.893000 5.922000
39.617000 -2.248000 8.406000
39.992000 -0.353000 11.682000
37.720000 0.816000 14.459000
35.840000 4.023000 13.727000
37.557000 7.057000 15.286000
36.423000 10.516000 16.338000
33.307000 11.660000 14.444000
33.213000 8.458000 12.386000
31.874000 6.602000 15.430000
28.531000 8.397000 14.788000
28.243000 6.640000 11.395000
29.473000 3.090000 12.008000
31.777000 1.095000 14.276000
34.262000 0.220000 11.503000
36.141000 2.058000 8.755000
38.760000 1.238000 6.117000
42.390000 1.504000 7.096000
50.681000 8.671000 0.548000
53.992000 8.157000 2.321000
52.713000 5.214000 4.372000
50.908000 3.698000 1.377000
54.159000 3.666000 -0.582000
56.036000 2.098000 2.372000
53.288000 -0.477000 2.936000
53.642000 -1.791000 -0.607000
57.421000 -2.308000 -0.455000
58.475000 -5.931000 -0.829000
61.519000 -5.538000 1.435000
59.423000 -4.790000 4.515000
58.399000 -7.430000 7.064000
54.976000 -8.097000 8.642000
56.177000 -6.435000 11.867000
57.339000 -3.329000 9.968000
54.023000 -3.335000 8.113000
10000.000000 10000.000000 10000.000000
10000.000000 10000.000000 10000.000000
10000.000000 10000.000000 10000.000000
10000.000000 10000.000000 10000.000000
10000.000000 10000.000000 10000.000000
10000.000000 10000.000000 10000.000000
10000.000000 10000.000000 10000.000000
10000.000000 10000.000000 10000.000000
10000.000000 10000.000000 10000.000000
10000.000000 10000.000000 10000.000000
10000.000000 10000.000000 10000.000000
10000.000000 10000.000000 10000.000000
10000.000000 10000.000000 10000.000000
10000.000000 10000.000000 10000.000000
10000.000000 10000.000000 10000.000000
10000.000000 10000.000000 10000.000000
10000.000000 10000.000000 10000.000000
10000.000000 10000.000000 10000.000000
10000.000000 10000.000000 10000.000000
10000.000000 10000.000000 10000.000000
10000.000000 10000.000000 10000.000000
10000.000000 10000.000000 10000.000000
10000.000000 10000.000000 10000.000000
10000.000000 10000.000000 10000.000000
10000.000000 10000.000000 10000.000000
10000.000000 10000.000000 10000.000000
10000.000000 10000.000000 10000.000000
10000.000000 10000.000000 10000.000000
10000.000000 10000.000000 10000.000000
10000.000000 10000.000000 10000.000000
10000.000000 10000.000000 10000.000000
10000.000000 10000.000000 10000.000000
10000.000000 10000.000000 10000.000000
10000.000000 10000.000000 10000.000000
10000.000000 10000.000000 10000.000000
10000.000000 10000.000000 10000.000000
