Score: 21.900000 100.000000 -2.000000
10000.000000 10000.000000 10000.000000
10000.000000 10000.000000 10000.000000
10000.000000 10000.000000 10000.000000
10000.000000 10000.000000 10000.000000
10000.000000 10000.000000 10000.000000
10000.000000 10000.000000 10000.000000
10000.000000 10000.000000 10000.000000
10000.000000 10000.000000 10000.000000
10000.000000 10000.000000 10000.000000
10000.000000 10000.000000 10000.000000
10000.000000 10000.000000 10000.000000
10000.000000 10000.000000 10000.000000
10000.000000 10000.000000 10000.000000
10000.000000 10000.000000 10000.000000
10000.000000 10000.000000 10000.000000
10000.000000 10000.000000 10000.000000
10000.000000 10000.000000 10000.000000
10000.000000 10000.000000 10000.000000
10000.000000 10000.000000 10000.000000
10000.000000 10000.000000 10000.000000
10000.000000 10000.000000 10000.000000
10000.000000 10000.000000 10000.000000
10000.000000 10000.000000 10000.000000
10000.000000 10000.000000 10000.000000
10000.000000 10000.000000 10000.000000
10000.000000 10000.000000 10000.000000
10000.000000 10000.000000 10000.000000
10000.000000 10000.000000 10000.000000
10000.000000 10000.000000 10000.000000
10000.000000 10000.000000 10000.000000
10000.000000 10000.000000 10000.000000
10000.000000 10000.000000 10000.000000
10000.000000 10000.000000 10000.000000
10000.000000 10000.000000 10000.000000
10000.000000 10000.000000 10000.000000
10000.000000 10000.000000 10000.000000
10000.000000 10000.000000 10000.000000
-44.054000 -56.370000 25.080000
-41.930000 -55.983000 28.237000
-40.198000 -58.093000 30.906000
-38.826000 -57.321000 34.408000
-35.288000 -58.494000 34.387000
-32.755000 -60.010000 36.734000
-29.733000 -61.463000 34.918000
-30.146000 -59.693000 31.705000
10000.000000 10000.000000 10000.000000
-27.922000 -57.213000 33.528000
-24.973000 -58.942000 31.959000
-26.934000 -59.267000 28.729000
-27.900000 -55.593000 28.621000
-24.265000 -54.663000 29.034000
-23.247000 -56.772000 26.031000
-25.766000 -54.912000 23.928000
-24.797000 -51.523000 25.427000
-21.346000 -52.326000 24.453000
-22.872000 -52.786000 21.027000
-23.093000 -49.193000 19.695000
-19.716000 -48.154000 20.966000
-16.692000 -49.328000 19.119000
-15.149000 -50.797000 22.255000
-16.715000 -54.182000 21.538000
-14.173000 -56.969000 21.457000
-12.482000 -56.692000 24.829000
-15.765000 -54.971000 25.700000
-16.410000 -58.460000 26.983000
-13.739000 -58.121000 29.669000
-15.794000 -55.010000 30.242000
-19.047000 -56.992000 30.514000
-17.790000 -59.058000 33.449000
-16.061000 -56.185000 35.213000
-19.185000 -54.076000 35.072000
-21.414000 -56.829000 36.356000
-19.024000 -57.228000 39.263000
-18.950000 -53.471000 39.721000
-22.659000 -52.663000 39.848000
-23.495000 -55.786000 41.758000
-21.164000 -54.700000 44.504000
-22.641000 -51.297000 44.481000
-26.364000 -51.672000 44.131000
-26.522000 -48.777000 46.327000
-29.380000 -47.048000 47.784000
-29.495000 -43.294000 48.198000
-32.059000 -41.500000 49.968000
-33.609000 -40.947000 46.572000
-33.044000 -44.013000 44.461000
-31.189000 -47.281000 44.291000
-28.120000 -46.460000 42.083000
-22.757000 -45.689000 39.711000
-24.020000 -42.091000 40.533000
-21.991000 -41.868000 43.717000
-20.368000 -45.051000 44.948000
-17.887000 -46.358000 42.341000
-14.494000 -44.945000 41.522000
-12.779000 -45.376000 38.231000
10000.000000 10000.000000 10000.000000
10000.000000 10000.000000 10000.000000
10000.000000 10000.000000 10000.000000
10000.000000 10000.000000 10000.000000
10000.000000 10000.000000 10000.000000
10000.000000 10000.000000 10000.000000
10000.000000 10000.000000 10000.000000
10000.000000 10000.000000 10000.000000
10000.000000 10000.000000 10000.000000
10000.000000 10000.000000 10000.000000
10000.000000 10000.000000 10000.000000
10000.000000 10000.000000 10000.000000
10000.000000 10000.000000 10000.000000
10000.000000 10000.000000 10000.000000
10000.000000 10000.000000 10000.000000
