Score: 21.100000 141.000000 -2.149219
10000.000000 10000.000000 10000.000000
10000.000000 10000.000000 10000.000000
10000.000000 10000.000000 10000.000000
10000.000000 10000.000000 10000.000000
10000.000000 10000.000000 10000.000000
10000.000000 10000.000000 10000.000000
10000.000000 10000.000000 10000.000000
10000.000000 10000.000000 10000.000000
10000.000000 10000.000000 10000.000000
10000.000000 10000.000000 10000.000000
10000.000000 10000.000000 10000.000000
10000.000000 10000.000000 10000.000000
10000.000000 10000.000000 10000.000000
10000.000000 10000.000000 10000.000000
10000.000000 10000.000000 10000.000000
10000.000000 10000.000000 10000.000000
10000.000000 10000.000000 10000.000000
10000.000000 10000.000000 10000.000000
10000.000000 10000.000000 10000.000000
10000.000000 10000.000000 10000.000000
10000.000000 10000.000000 10000.000000
10000.000000 10000.000000 10000.000000
10000.000000 10000.000000 10000.000000
10000.000000 10000.000000 10000.000000
10000.000000 10000.000000 10000.000000
10000.000000 10000.000000 10000.000000
10000.000000 10000.000000 10000.000000
10000.000000 10000.000000 10000.000000
39.457000 3.611000 135.043000
38.921000 0.899000 132.427000
42.577000 -0.016000 131.906000
44.867000 -2.707000 133.199000
47.314000 -1.630000 135.846000
50.887000 -1.710000 134.564000
52.916000 -3.564000 137.182000
56.600000 -2.542000 137.291000
58.764000 -4.606000 139.647000
62.266000 -3.287000 140.217000
64.268000 -5.762000 142.274000
67.467000 -4.183000 143.580000
70.220000 -6.237000 145.356000
72.182000 -5.152000 148.410000
74.925000 -2.664000 147.584000
73.451000 -1.976000 144.167000
72.792000 1.678000 143.460000
69.750000 1.713000 141.213000
68.615000 5.261000 140.550000
66.359000 6.435000 137.725000
63.787000 8.960000 136.557000
60.248000 7.647000 136.799000
37.010000 14.642000 132.325000
33.509000 16.077000 132.332000
33.767000 19.683000 133.602000
31.481000 20.913000 136.348000
29.762000 24.095000 135.044000
30.652000 25.732000 138.361000
10000.000000 10000.000000 10000.000000
34.382000 25.394000 137.712000
36.636000 27.982000 136.123000
38.214000 25.106000 134.207000
34.935000 24.606000 132.323000
36.260000 27.212000 129.893000
39.183000 25.154000 128.621000
36.723000 22.350000 127.824000
36.289000 21.205000 124.211000
34.101000 18.663000 122.410000
35.267000 15.015000 122.326000
36.340000 14.170000 118.771000
33.957000 12.459000 116.378000
33.741000 8.689000 116.083000
36.491000 7.247000 113.873000
35.849000 3.536000 113.387000
39.166000 3.170000 111.594000
41.111000 4.900000 114.369000
39.508000 2.580000 116.885000
40.170000 -0.416000 114.628000
43.907000 0.292000 114.456000
43.964000 0.914000 118.216000
10000.000000 10000.000000 10000.000000
10000.000000 10000.000000 10000.000000
42.761000 -2.601000 118.945000
45.139000 -4.119000 116.368000
48.335000 -2.248000 117.223000
47.576000 -2.977000 120.857000
47.552000 -6.707000 120.097000
50.886000 -6.702000 118.242000
10000.000000 10000.000000 10000.000000
10000.000000 10000.000000 10000.000000
10000.000000 10000.000000 10000.000000
10000.000000 10000.000000 10000.000000
10000.000000 10000.000000 10000.000000
10000.000000 10000.000000 10000.000000
10000.000000 10000.000000 10000.000000
10000.000000 10000.000000 10000.000000
10000.000000 10000.000000 10000.000000
10000.000000 10000.000000 10000.000000
10000.000000 10000.000000 10000.000000
10000.000000 10000.000000 10000.000000
10000.000000 10000.000000 10000.000000
10000.000000 10000.000000 10000.000000
10000.000000 10000.000000 10000.000000
10000.000000 10000.000000 10000.000000
10000.000000 10000.000000 10000.000000
10000.000000 10000.000000 10000.000000
10000.000000 10000.000000 10000.000000
10000.000000 10000.000000 10000.000000
10000.000000 10000.000000 10000.000000
10000.000000 10000.000000 10000.000000
10000.000000 10000.000000 10000.000000
